51.4983649 -0.1775742
51.4983651 -0.1775741
51.4983653 -0.1775741
51.4983655 -0.177574
51.4983657 -0.1775737
51.4983664 -0.1775734
51.4983677 -0.1775726
51.4983688 -0.1775713
51.4983699 -0.1775711
51.4983706 -0.1775714
51.4983713 -0.1775718
51.498372 -0.1775717
51.4983729 -0.1775714
51.4983736 -0.1775711
51.4983742 -0.1775708
51.4983748 -0.1775703
51.4983756 -0.1775696
51.4983766 -0.1775703
51.498378 -0.1775707
51.4983794 -0.1775709
51.4983801 -0.1775718
51.4983802 -0.177573
51.49838 -0.1775746
51.4983798 -0.1775764
51.4983797 -0.1775777
51.4983795 -0.1775785
51.4983792 -0.1775796
51.4983786 -0.1775809
51.4983782 -0.177582
51.4983779 -0.177583
51.4983778 -0.1775835
51.4983776 -0.177584
51.4983772 -0.1775842
51.4983767 -0.1775844
51.4983762 -0.1775846
51.4983758 -0.1775849
51.4983755 -0.1775851
51.4983751 -0.1775854
51.4983747 -0.1775858
51.4983741 -0.1775865
51.4983737 -0.1775867
51.498373 -0.1775873
51.4983728 -0.1775871
51.4983721 -0.1775864
51.4983712 -0.177586
51.4983706 -0.1775858
51.49837 -0.1775864
51.4983681 -0.1775873
51.4983658 -0.1775877
51.4983633 -0.1775881
51.4983609 -0.1775873
51.498358 -0.1775867
51.4983556 -0.1775863
51.4983527 -0.1775866
51.4983498 -0.177587
51.4983467 -0.1775878
51.4983433 -0.177589
51.4983406 -0.1775894
51.4983381 -0.1775904
51.4983357 -0.1775909
51.4983326 -0.1775915
51.49833 -0.1775923
51.4983273 -0.1775927
51.4983252 -0.1775931
51.4983225 -0.1775933
51.4983197 -0.1775934
51.4983172 -0.1775927
51.4983145 -0.1775928
51.4983129 -0.1775919
51.4983108 -0.1775913
51.4983083 -0.1775913
51.498306 -0.1775904
51.4983029 -0.1775904
51.4982998 -0.1775907
51.4982977 -0.17759
51.4982956 -0.1775884
51.4982935 -0.1775869
51.4982911 -0.1775859
51.4982886 -0.1775848
51.4982865 -0.1775842
51.4982844 -0.1775832
51.4982822 -0.1775815
51.4982801 -0.17758
51.498278 -0.1775785
51.498276 -0.1775768
51.4982746 -0.1775741
51.4982731 -0.177572
51.498271 -0.1775711
51.4982699 -0.1775694
51.4982687 -0.1775677
51.4982672 -0.1775659
51.4982659 -0.1775639
51.4982643 -0.1775631
51.4982628 -0.1775617
51.4982615 -0.17756
51.4982601 -0.1775584
51.4982585 -0.1775576
51.4982567 -0.1775568
51.4982548 -0.1775568
51.4982531 -0.1775569
51.4982519 -0.1775564
51.4982512 -0.1775559
51.4982501 -0.177556
51.4982493 -0.1775565
51.4982482 -0.177558
51.4982477 -0.1775589
51.4982471 -0.1775599
51.4982465 -0.1775609
51.4982458 -0.1775622
51.4982452 -0.1775637
51.4982446 -0.1775655
51.4982439 -0.1775679
51.4982433 -0.1775699
51.4982435 -0.1775709
51.4982431 -0.1775721
51.4982432 -0.1775727
51.4982435 -0.1775733
51.4982429 -0.177574
51.4982428 -0.177575
51.4982433 -0.1775752
51.4982439 -0.177576
51.4982447 -0.1775765
51.4982451 -0.1775765
51.498245 -0.1775772
51.4982448 -0.1775779
51.4982445 -0.1775791
51.4982434 -0.1775805
51.498242 -0.1775819
51.4982412 -0.1775833
51.4982411 -0.1775841
51.4982403 -0.1775851
51.4982384 -0.1775874
51.4982369 -0.1775866
51.498235 -0.177587
51.4982339 -0.1775867
51.4982335 -0.1775854
51.4982334 -0.1775853
51.4982338 -0.1775843
51.4982351 -0.1775824
51.4982363 -0.1775793
51.498238 -0.1775763
51.4982398 -0.1775733
51.4982424 -0.1775707
51.4982435 -0.1775703
51.4982444 -0.1775702
51.4982445 -0.1775718
51.4982443 -0.1775722
51.4982444 -0.1775722
51.4982446 -0.1775719
51.4982448 -0.177571
51.498246 -0.1775688
51.4982465 -0.1775685
51.498246 -0.1775687
51.4982461 -0.1775685
51.4982457 -0.1775688
51.4982461 -0.1775678
51.4982471 -0.1775655
51.4982479 -0.1775632
51.498248 -0.1775618
51.4982481 -0.1775597
51.498248 -0.1775574
51.4982481 -0.177555
51.4982484 -0.1775532
51.4982487 -0.177551
51.4982488 -0.1775492
51.4982486 -0.1775474
51.4982486 -0.1775457
51.4982492 -0.1775424
51.4982499 -0.1775402
51.4982511 -0.1775359
51.4982517 -0.1775335
51.4982522 -0.1775325
51.4982521 -0.1775323
51.4982517 -0.1775325
51.4982512 -0.1775327
51.4982505 -0.1775333
51.49825 -0.1775339
51.4982499 -0.1775347
51.4982498 -0.1775349
51.4982499 -0.1775346
51.4982498 -0.1775343
51.4982502 -0.1775334
51.4982503 -0.177533
51.4982506 -0.1775326
51.4982507 -0.1775323
51.4982508 -0.1775321
51.4982513 -0.1775319
51.4982521 -0.1775313
51.4982526 -0.1775309
51.4982531 -0.1775304
51.4982533 -0.1775302
51.4982537 -0.17753
51.498254 -0.1775295
51.4982544 -0.1775292
51.4982549 -0.1775293
51.498255 -0.1775293
51.4982551 -0.1775291
51.4982548 -0.1775292
51.4982549 -0.1775293
51.4982548 -0.1775296
51.4982547 -0.1775301
51.4982546 -0.1775305
51.4982545 -0.1775308
51.4982545 -0.1775313
51.4982548 -0.1775315
51.4982551 -0.1775314
51.4982557 -0.1775311
51.4982561 -0.1775311
51.4982568 -0.1775308
51.4982575 -0.1775304
51.4982581 -0.1775296
51.4982585 -0.1775291
51.4982589 -0.1775288
51.4982598 -0.1775281
51.4982609 -0.1775274
51.4982621 -0.1775265
51.4982629 -0.1775263
51.4982631 -0.1775269
51.4982632 -0.1775268
51.4982627 -0.1775271
51.4982619 -0.1775274
51.4982615 -0.1775274
51.4982615 -0.1775274
51.4982616 -0.1775275
51.4982611 -0.1775277
51.498261 -0.1775276
51.4982601 -0.1775284
51.4982592 -0.1775294
51.4982584 -0.1775308
51.4982579 -0.1775318
51.4982573 -0.1775326
51.4982567 -0.1775331
51.4982566 -0.1775327
51.4982566 -0.177532
51.4982565 -0.1775317
51.4982564 -0.1775312
51.4982563 -0.1775302
51.4982566 -0.1775292
51.4982569 -0.1775287
51.498257 -0.1775279
51.4982569 -0.1775275
51.4982569 -0.1775268
51.4982567 -0.1775266
51.4982566 -0.1775262
51.4982566 -0.1775257
51.4982567 -0.1775252
51.4982568 -0.1775248
51.498257 -0.1775244
51.4982573 -0.1775242
51.4982573 -0.1775242
51.4982571 -0.1775242
51.498257 -0.1775244
51.4982568 -0.1775246
51.4982567 -0.177525
51.4982564 -0.1775253
51.4982564 -0.1775258
51.4982564 -0.177526
51.4982563 -0.1775261
51.4982563 -0.1775263
51.4982568 -0.1775261
51.498257 -0.1775261
51.4982576 -0.177526
51.4982577 -0.1775258
51.4982577 -0.1775257
51.4982578 -0.1775251
51.4982579 -0.1775248
51.4982578 -0.1775246
51.4982577 -0.1775245
51.4982573 -0.1775247
51.4982566 -0.1775252
51.4982559 -0.1775256
51.4982551 -0.1775262
51.4982543 -0.1775268
51.4982542 -0.1775267
51.4982542 -0.1775265
51.4982543 -0.1775265
51.4982545 -0.1775264
51.4982551 -0.1775261
51.4982554 -0.1775266
51.4982558 -0.1775266
51.4982561 -0.1775269
51.4982566 -0.177527
51.4982569 -0.1775269
51.498257 -0.1775271
51.4982572 -0.1775276
51.4982573 -0.1775286
51.4982574 -0.1775294
51.4982581 -0.1775294
51.4982582 -0.1775296
51.4982579 -0.1775306
51.4982573 -0.1775317
51.4982565 -0.1775328
51.4982557 -0.1775329
51.4982562 -0.1775322
51.4982565 -0.1775312
51.4982566 -0.1775301
51.4982563 -0.17753
51.4982551 -0.1775306
51.4982542 -0.1775311
51.4982533 -0.1775315
51.4982524 -0.1775318
51.4982514 -0.1775323
51.4982505 -0.1775328
51.4982495 -0.1775333
51.4982484 -0.1775339
51.4982474 -0.1775339
51.4982463 -0.1775343
51.4982451 -0.1775344
51.4982442 -0.1775345
51.4982434 -0.1775347
51.4982423 -0.1775349
51.4982407 -0.1775356
51.4982393 -0.1775364
51.4982372 -0.1775374
51.4982352 -0.1775382
51.4982335 -0.1775389
51.4982318 -0.1775399
51.49823 -0.1775405
51.498228 -0.1775413
51.4982261 -0.1775423
51.4982243 -0.1775435
51.4982224 -0.1775451
51.4982209 -0.1775465
51.4982194 -0.1775474
51.4982182 -0.1775485
51.4982172 -0.1775495
51.4982162 -0.1775503
51.4982152 -0.1775516
51.4982144 -0.1775527
51.4982131 -0.1775534
51.4982122 -0.1775544
51.4982114 -0.1775549
51.4982113 -0.1775553
51.4982111 -0.1775557
51.4982112 -0.1775559
51.4982111 -0.1775564
51.4982107 -0.1775572
51.4982106 -0.1775583
51.4982106 -0.1775592
51.4982104 -0.1775607
51.4982103 -0.1775617
51.4982104 -0.1775624
51.4982103 -0.1775639
51.4982102 -0.1775661
51.4982102 -0.1775679
51.4982106 -0.1775687
51.4982109 -0.1775697
51.4982114 -0.177571
51.4982116 -0.1775724
51.4982119 -0.1775734
51.4982123 -0.1775741
51.4982124 -0.177575
51.4982135 -0.1775754
51.4982143 -0.1775766
51.4982147 -0.1775779
51.4982151 -0.1775794
51.498216 -0.1775799
51.498217 -0.1775802
51.4982185 -0.1775806
51.4982197 -0.1775811
51.498221 -0.1775817
51.4982223 -0.177582
51.4982238 -0.1775817
51.4982254 -0.177581
51.4982268 -0.1775803
51.4982281 -0.1775804
51.4982297 -0.1775806
51.4982311 -0.1775802
51.4982331 -0.1775795
51.4982352 -0.1775781
51.4982379 -0.1775772
51.4982395 -0.1775775
51.4982413 -0.1775781
51.498243 -0.177579
51.4982449 -0.1775803
51.4982464 -0.1775814
51.4982477 -0.1775815
51.4982494 -0.177582
51.498251 -0.1775826
51.498253 -0.1775824
51.4982542 -0.1775822
51.4982556 -0.1775819
51.4982578 -0.1775816
51.4982597 -0.1775812
51.4982616 -0.1775806
51.4982637 -0.1775801
51.4982661 -0.1775795
51.4982684 -0.1775787
51.4982705 -0.1775773
51.4982721 -0.1775762
51.4982736 -0.1775749
51.4982755 -0.1775733
51.4982777 -0.1775722
51.4982798 -0.1775712
51.4982814 -0.1775702
51.4982839 -0.1775681
51.4982861 -0.1775668
51.4982886 -0.177566
51.4982901 -0.1775651
51.4982913 -0.1775642
51.4982932 -0.1775632
51.4982947 -0.1775622
51.4982963 -0.177561
51.4982981 -0.17756
51.498299 -0.1775592
51.4983001 -0.1775583
51.4983018 -0.1775574
51.4983032 -0.1775567
51.4983048 -0.1775558
51.4983063 -0.1775544
51.4983074 -0.177553
51.4983093 -0.1775518
51.4983111 -0.1775505
51.4983125 -0.177549
51.4983141 -0.1775473
51.498316 -0.1775456
51.4983176 -0.1775441
51.4983193 -0.1775428
51.4983209 -0.1775415
51.4983223 -0.1775402
51.4983234 -0.1775386
51.4983244 -0.1775372
51.498326 -0.1775362
51.4983271 -0.1775352
51.4983278 -0.1775337
51.4983284 -0.1775321
51.4983294 -0.1775307
51.4983305 -0.1775295
51.4983313 -0.1775283
51.4983321 -0.1775269
51.4983337 -0.1775257
51.4983345 -0.1775239
51.4983355 -0.1775223
51.4983374 -0.177521
51.4983396 -0.1775196
51.4983405 -0.1775181
51.4983407 -0.1775162
51.4983412 -0.1775143
51.4983419 -0.1775124
51.4983424 -0.1775103
51.4983431 -0.1775081
51.4983435 -0.1775061
51.4983445 -0.1775045
51.4983451 -0.1775023
51.4983447 -0.1774997
51.4983444 -0.177497
51.4983438 -0.1774945
51.4983435 -0.1774918
51.4983431 -0.1774892
51.4983433 -0.1774866
51.4983439 -0.177484
51.4983448 -0.1774817
51.4983457 -0.1774796
51.4983465 -0.1774778
51.4983469 -0.1774756
51.4983472 -0.1774729
51.4983476 -0.1774706
51.498348 -0.1774683
51.4983481 -0.1774656
51.4983481 -0.1774629
51.4983482 -0.1774607
51.4983481 -0.177458
51.498348 -0.1774548
51.4983482 -0.177453
51.4983484 -0.177451
51.4983483 -0.1774481
51.4983482 -0.1774454
51.4983479 -0.1774428
51.4983474 -0.1774404
51.4983467 -0.1774382
51.4983461 -0.1774361
51.4983454 -0.177434
51.4983443 -0.1774315
51.498343 -0.1774287
51.4983419 -0.1774263
51.4983409 -0.1774241
51.4983399 -0.1774215
51.4983388 -0.1774189
51.4983379 -0.1774165
51.4983373 -0.1774146
51.4983366 -0.1774131
51.4983358 -0.1774116
51.4983349 -0.1774099
51.4983341 -0.1774081
51.4983332 -0.1774063
51.4983321 -0.1774042
51.4983309 -0.1774026
51.4983298 -0.1774007
51.4983288 -0.1773991
51.498328 -0.1773977
51.4983273 -0.1773962
51.4983265 -0.1773945
51.4983255 -0.177393
51.4983246 -0.1773914
51.4983233 -0.1773901
51.4983217 -0.1773895
51.4983209 -0.1773892
51.4983204 -0.1773898
51.4983195 -0.1773895
51.4983191 -0.1773897
51.4983182 -0.1773896
51.4983171 -0.1773893
51.4983159 -0.1773895
51.4983152 -0.1773907
51.4983144 -0.1773918
51.4983133 -0.1773913
51.4983118 -0.1773914
51.4983107 -0.1773919
51.4983097 -0.1773924
51.4983086 -0.1773929
51.4983076 -0.1773936
51.4983065 -0.1773946
51.4983053 -0.1773948
51.498304 -0.1773954
51.4983025 -0.1773965
51.4983008 -0.1773984
51.4982991 -0.1773993
51.4982976 -0.1774004
51.4982962 -0.1774021
51.4982949 -0.1774037
51.4982934 -0.177405
51.498292 -0.1774058
51.4982906 -0.1774069
51.4982894 -0.1774086
51.4982879 -0.1774099
51.4982862 -0.1774117
51.4982846 -0.1774132
51.4982829 -0.1774144
51.498281 -0.1774159
51.4982793 -0.1774174
51.4982779 -0.1774191
51.4982767 -0.1774204
51.4982756 -0.1774215
51.4982744 -0.1774229
51.4982732 -0.1774241
51.498272 -0.1774252
51.4982708 -0.1774263
51.4982699 -0.1774281
51.4982688 -0.1774291
51.4982678 -0.17743
51.4982669 -0.1774314
51.498266 -0.1774328
51.498265 -0.1774342
51.4982642 -0.1774355
51.4982633 -0.1774375
51.4982626 -0.1774391
51.4982622 -0.1774406
51.4982615 -0.1774425
51.4982606 -0.1774446
51.49826 -0.1774467
51.4982592 -0.177449
51.4982586 -0.1774511
51.4982584 -0.1774531
51.4982581 -0.1774551
51.4982574 -0.1774569
51.4982575 -0.1774587
51.4982569 -0.1774605
51.498257 -0.1774622
51.4982571 -0.1774636
51.4982571 -0.177465
51.4982572 -0.1774666
51.4982577 -0.1774685
51.4982581 -0.1774697
51.4982582 -0.1774709
51.4982589 -0.1774719
51.4982593 -0.1774732
51.49826 -0.1774746
51.4982606 -0.177476
51.4982609 -0.1774775
51.498261 -0.1774792
51.4982615 -0.1774802
51.498262 -0.1774813
51.4982622 -0.1774831
51.4982624 -0.1774848
51.4982632 -0.1774867
51.4982639 -0.1774884
51.4982645 -0.17749
51.4982651 -0.1774918
51.4982653 -0.1774933
51.4982655 -0.1774956
51.4982663 -0.1774977
51.4982673 -0.1774998
51.4982677 -0.1775022
51.4982687 -0.1775049
51.4982696 -0.1775076
51.4982705 -0.1775099
51.4982715 -0.1775115
51.498272 -0.1775133
51.4982725 -0.1775151
51.4982732 -0.1775164
51.4982742 -0.1775172
51.4982748 -0.1775179
51.4982757 -0.1775184
51.4982765 -0.1775192
51.4982771 -0.1775199
51.4982783 -0.1775206
51.4982799 -0.1775212
51.4982816 -0.1775211
51.4982827 -0.177522
51.4982843 -0.1775226
51.4982857 -0.1775234
51.4982874 -0.1775238
51.4982888 -0.1775234
51.4982893 -0.1775234
51.4982909 -0.1775237
51.4982929 -0.1775233
51.4982961 -0.1775235
51.4982969 -0.177523
51.4982978 -0.1775226
51.498299 -0.1775221
51.4983001 -0.1775218
51.4983013 -0.1775217
51.4983024 -0.1775216
51.4983032 -0.1775215
51.4983045 -0.1775212
51.4983053 -0.1775207
51.4983063 -0.1775203
51.4983077 -0.1775201
51.4983089 -0.1775193
51.4983103 -0.1775185
51.4983119 -0.1775178
51.4983133 -0.1775169
51.4983148 -0.1775158
51.4983166 -0.1775147
51.4983179 -0.1775134
51.4983197 -0.1775123
51.4983213 -0.177511
51.4983227 -0.1775096
51.4983243 -0.1775084
51.4983262 -0.1775073
51.4983275 -0.1775056
51.4983288 -0.1775039
51.4983303 -0.1775024
51.4983312 -0.1775005
51.4983325 -0.1774987
51.4983334 -0.177497
51.4983343 -0.1774951
51.4983348 -0.1774931
51.4983359 -0.1774914
51.4983369 -0.1774896
51.4983384 -0.1774877
51.4983392 -0.1774856
51.4983402 -0.1774835
51.4983409 -0.1774815
51.4983416 -0.1774791
51.4983421 -0.1774762
51.4983421 -0.1774732
51.4983406 -0.1774699
51.4983406 -0.177467
51.4983412 -0.1774645
51.4983417 -0.1774621
51.4983419 -0.1774593
51.4983422 -0.1774565
51.4983425 -0.1774537
51.4983428 -0.177451
51.498343 -0.1774482
51.4983434 -0.1774459
51.4983443 -0.1774437
51.498345 -0.1774415
51.4983453 -0.1774391
51.4983454 -0.1774363
51.4983457 -0.1774336
51.4983459 -0.1774312
51.4983457 -0.1774289
51.4983455 -0.1774262
51.4983453 -0.1774234
51.4983453 -0.1774212
51.4983447 -0.1774185
51.498344 -0.1774155
51.4983434 -0.1774129
51.4983428 -0.1774102
51.4983421 -0.1774076
51.4983412 -0.1774049
51.4983406 -0.1774026
51.4983396 -0.1774002
51.4983388 -0.1773979
51.4983381 -0.177396
51.4983371 -0.1773939
51.4983361 -0.1773913
51.498335 -0.1773885
51.4983339 -0.1773864
51.4983329 -0.1773844
51.498332 -0.1773824
51.498331 -0.1773806
51.4983301 -0.1773788
51.4983291 -0.177377
51.4983278 -0.1773749
51.4983269 -0.1773735
51.4983261 -0.1773721
51.498325 -0.1773706
51.4983239 -0.1773688
51.4983227 -0.1773673
51.4983216 -0.1773656
51.4983204 -0.177364
51.4983189 -0.177363
51.4983174 -0.1773621
51.4983156 -0.1773614
51.4983146 -0.1773616
51.4983133 -0.1773625
51.4983117 -0.1773628
51.4983102 -0.1773642
51.4983094 -0.1773659
51.4983083 -0.1773673
51.498307 -0.1773685
51.4983061 -0.1773708
51.4983058 -0.1773734
51.4983054 -0.1773765
51.4983053 -0.1773817
51.4983046 -0.1773863
51.4983035 -0.1773899
51.4983019 -0.1773913
51.4983001 -0.1773928
51.4982986 -0.1773938
51.4982976 -0.1773945
51.4982967 -0.1773936
51.4982963 -0.1773919
51.4982963 -0.1773909
51.4982972 -0.177392
51.4982989 -0.177394
51.498301 -0.1773953
51.4983034 -0.1773953
51.4983052 -0.1773956
51.4983071 -0.1773969
51.4983091 -0.177397
51.498311 -0.1773977
51.498313 -0.1773994
51.4983151 -0.1774014
51.4983175 -0.1774036
51.4983195 -0.1774054
51.4983215 -0.1774075
51.4983235 -0.1774101
51.4983255 -0.1774124
51.498328 -0.1774145
51.4983302 -0.177416
51.4983323 -0.1774182
51.4983342 -0.1774198
51.4983363 -0.1774208
51.4983386 -0.1774222
51.4983421 -0.1774239
51.498344 -0.1774251
51.4983468 -0.1774259
51.4983493 -0.1774264
51.498351 -0.1774264
51.4983528 -0.1774266
51.4983539 -0.1774266
51.4983544 -0.1774266
51.4983553 -0.1774264
51.4983562 -0.1774258
51.498357 -0.177425
51.4983576 -0.177424
51.4983585 -0.1774225
51.498359 -0.1774209
51.4983597 -0.1774192
51.4983609 -0.1774179
51.4983616 -0.1774168
51.4983622 -0.1774157
51.4983633 -0.1774149
51.4983644 -0.1774142
51.4983654 -0.1774134
51.4983665 -0.1774123
51.4983678 -0.1774112
51.4983702 -0.1774107
51.4983718 -0.1774099
51.4983732 -0.1774091
51.4983747 -0.1774083
51.4983796 -0.1774093
51.4983853 -0.1774107
51.4983899 -0.1774117
51.4983948 -0.1774135
51.4983995 -0.1774151
51.4984035 -0.1774163
51.4984067 -0.1774179
51.4984095 -0.1774192
51.4984131 -0.1774215
51.4984137 -0.1774224
51.498415 -0.1774233
51.4984158 -0.1774233
51.498416 -0.1774226
51.4984174 -0.177423
51.4984191 -0.1774238
51.4984195 -0.1774238
51.4984197 -0.1774237
51.4984201 -0.1774239
51.4984219 -0.1774246
51.4984224 -0.1774252
51.4984224 -0.1774264
51.4984236 -0.1774269
51.4984236 -0.1774257
51.4984242 -0.1774251
51.4984241 -0.1774245
51.4984233 -0.1774235
51.4984225 -0.1774226
51.4984217 -0.1774219
51.4984202 -0.1774213
51.4984188 -0.1774208
51.4984174 -0.1774203
51.4984166 -0.1774201
51.4984164 -0.1774202
51.4984164 -0.1774209
51.4984167 -0.1774216
51.4984166 -0.1774223
51.4984168 -0.1774233
