51.4984265 -0.1774205 64.48386812
51.4984263 -0.1774204 64.37886777
51.498426 -0.1774204 64.20786742
51.4984258 -0.1774205 64.1208673
51.4984256 -0.1774202 63.98686672
51.4984254 -0.1774199 63.90986614
51.4984253 -0.1774198 63.80886591
51.4984252 -0.1774196 63.69286557
51.4984253 -0.1774195 63.57086557
51.4984251 -0.1774196 63.43686545
51.498425 -0.1774196 63.30286533
51.498425 -0.1774196 63.23086533
51.498425 -0.1774194 63.1228651
51.4984249 -0.1774192 63.04386476
51.4984248 -0.1774195 62.97286498
51.4984248 -0.1774196 62.9518651
51.4984248 -0.1774196 62.9348651
51.4984251 -0.1774198 62.87186568
51.4984253 -0.1774199 62.88086603
51.4984255 -0.1774198 62.83086615
51.4984255 -0.1774198 62.84486615
51.4984256 -0.1774198 62.80486626
51.4984256 -0.1774198 62.77686626
51.4984256 -0.1774196 62.76386603
51.4984257 -0.1774195 62.65986604
51.4984257 -0.1774193 62.58986581
51.4984257 -0.1774195 62.51286604
51.4984257 -0.1774197 62.40986627
51.4984256 -0.1774196 62.41386603
51.4984256 -0.1774197 62.37086615
51.4984257 -0.1774197 62.32786627
51.498426 -0.1774197 62.28186662
51.4984262 -0.1774198 62.17486696
51.4984263 -0.1774197 62.10686697
51.4984264 -0.1774197 62.05886708
51.4984265 -0.1774197 62.0468672
51.4984265 -0.1774197 61.9398672
51.4984265 -0.1774199 61.82186743
51.4984265 -0.1774201 61.73986766
51.4984266 -0.1774203 61.609868
51.4984268 -0.1774205 61.48986847
51.4984271 -0.1774208 61.45386916
51.4984272 -0.1774211 61.41386962
51.4984273 -0.1774214 61.31387008
51.4984275 -0.1774217 61.18187066
51.4984275 -0.1774218 60.96987077
51.4984276 -0.1774219 60.858871
51.4984276 -0.1774221 60.71387123
51.4984275 -0.1774223 60.57887134
51.4984273 -0.1774226 60.41687145
51.4984271 -0.1774231 60.28487179
51.498427 -0.1774236 60.18887225
51.498427 -0.1774239 60.05587259
51.498427 -0.1774241 59.92287282
51.498427 -0.1774243 59.76587305
51.4984269 -0.1774244 59.62087304
51.4984269 -0.1774246 59.46887327
51.4984269 -0.1774247 59.36187339
51.4984268 -0.1774249 59.2138735
51.4984268 -0.1774251 59.13387373
51.4984267 -0.1774252 59.02287373
51.4984265 -0.1774254 58.96687372
51.4984263 -0.1774258 58.89187394
51.4984261 -0.1774263 58.79887428
51.4984258 -0.1774265 58.70587416
51.4984256 -0.1774267 58.59187415
51.4984256 -0.177427 58.4788745
51.4984255 -0.177427 58.42687438
51.4984254 -0.1774273 58.32087461
51.4984253 -0.1774274 58.2268746
51.4984252 -0.1774275 58.1218746
51.4984251 -0.1774275 58.08087448
51.4984251 -0.1774275 57.87387448
51.498425 -0.1774274 57.75087425
51.498425 -0.1774275 57.63687437
51.498425 -0.1774277 57.5238746
51.4984251 -0.1774278 57.40087483
51.4984252 -0.1774277 57.35387483
51.4984252 -0.1774276 57.33687472
51.4984252 -0.1774279 57.21387506
51.4984249 -0.1774279 57.14387471
51.4984248 -0.1774281 57.10287482
51.498425 -0.1774284 56.9898754
51.4984252 -0.1774283 56.90487552
51.4984255 -0.1774284 56.81987598
51.4984257 -0.1774282 56.82187599
51.4984259 -0.1774282 56.79187622
51.4984261 -0.1774284 56.71087668
51.4984264 -0.1774283 56.73287692
51.4984267 -0.1774284 56.76787738
51.498427 -0.1774286 56.75187796
51.4984273 -0.1774285 56.7778782
51.4984276 -0.1774288 56.81187889
51.4984279 -0.177429 56.81687947
51.498428 -0.1774289 56.79687948
51.4984282 -0.177429 56.77787982
51.4984283 -0.1774289 56.82287983
51.4984284 -0.177429 56.72588006
51.4984285 -0.1774287 56.72287983
51.4984286 -0.1774286 56.73787983
51.4984287 -0.1774286 56.77287995
51.498429 -0.1774287 56.79288042
51.4984292 -0.1774289 56.80088088
51.4984294 -0.1774287 56.85988088
51.4984295 -0.1774286 56.89488089
51.4984298 -0.1774286 56.85488124
51.49843 -0.1774287 56.89788159
51.4984301 -0.177429 56.92188205
51.4984304 -0.1774294 56.93988285
51.4984308 -0.1774298 56.87988378
51.4984309 -0.1774299 56.92188401
51.4984312 -0.17743 56.89688448
51.4984313 -0.1774299 56.88688448
51.4984315 -0.1774297 56.86988448
51.4984318 -0.1774294 56.89588449
51.4984322 -0.1774293 56.85788485
51.4984325 -0.1774291 56.84088497
51.4984327 -0.1774291 56.7538852
51.4984325 -0.177429 56.71688485
51.4984324 -0.1774287 56.66988439
51.4984323 -0.1774286 56.61688416
51.4984323 -0.1774286 56.57588416
51.4984324 -0.1774288 56.48988451
51.4984327 -0.1774289 56.44388497
51.4984329 -0.1774288 56.42388509
51.4984328 -0.1774287 56.40388486
51.4984329 -0.1774288 56.36088509
51.4984328 -0.1774289 56.28188509
51.4984326 -0.1774289 56.21388486
51.4984323 -0.1774285 56.20188405
51.498432 -0.1774282 56.18188335
51.4984317 -0.177428 56.16188277
51.4984316 -0.1774276 56.1368822
51.4984315 -0.1774274 56.08788185
51.4984313 -0.1774271 56.08088128
51.4984311 -0.1774264 56.11488024
51.4984309 -0.177426 56.10487955
51.498431 -0.1774256 56.13487921
51.498431 -0.1774253 56.16587887
51.498431 -0.177425 56.20387852
51.498431 -0.1774251 56.18587864
51.498431 -0.1774248 56.2288783
51.4984309 -0.1774245 56.21287784
51.4984307 -0.1774244 56.18587749
51.4984305 -0.1774243 56.19287714
51.4984304 -0.177424 56.23487668
51.4984304 -0.1774237 56.30887634
51.4984303 -0.1774234 56.36587588
51.4984302 -0.1774232 56.39487553
51.4984301 -0.1774228 56.42487496
51.4984299 -0.1774226 56.45787449
51.49843 -0.1774225 56.3968745
51.4984299 -0.1774221 56.34887392
51.4984298 -0.1774218 56.23387346
51.4984297 -0.1774215 56.158873
51.4984296 -0.1774211 56.06287243
51.4984295 -0.1774205 56.03187162
51.4984292 -0.17742 55.9788707
51.498429 -0.1774195 55.9388699
51.4984287 -0.177419 55.89586897
51.4984283 -0.1774185 55.86886793
51.498428 -0.1774178 55.76586678
51.4984276 -0.1774172 55.70886563
51.4984273 -0.177417 55.61586505
51.4984269 -0.1774164 55.5888639
51.4984268 -0.1774157 55.55886298
51.4984266 -0.177415 55.55586194
51.4984264 -0.1774144 55.50386102
51.4984263 -0.1774137 55.45486011
51.4984264 -0.177413 55.38785942
51.4984262 -0.1774119 55.35485793
51.4984259 -0.177411 55.36085655
51.4984258 -0.1774102 55.31685552
51.4984257 -0.1774095 55.2658546
51.4984256 -0.1774089 55.1788538
51.4984256 -0.1774083 55.11685311
51.4984255 -0.1774077 55.07485231
51.4984254 -0.177407 54.99585139
51.4984252 -0.1774063 54.94585036
51.498425 -0.1774058 54.86584955
51.4984248 -0.1774054 54.81484886
51.4984246 -0.1774046 54.77384771
51.4984244 -0.1774037 54.73684645
51.4984242 -0.1774028 54.71884519
51.498424 -0.1774019 54.69584392
51.4984238 -0.1774011 54.64684277
51.4984237 -0.1774001 54.65284151
51.4984234 -0.177399 54.6608399
51.4984233 -0.1773981 54.62583876
51.4984229 -0.1773972 54.63383726
51.4984226 -0.1773963 54.62683588
51.4984222 -0.1773954 54.58083438
51.498422 -0.1773946 54.54883324
51.498422 -0.1773937 54.54083221
51.4984219 -0.1773928 54.51383106
51.4984217 -0.177392 54.49882991
51.4984215 -0.1773909 54.51782842
51.4984213 -0.1773899 54.51182704
51.4984211 -0.177389 54.52782578
51.4984209 -0.177388 54.5938244
51.4984206 -0.1773872 54.55482314
51.4984204 -0.1773866 54.48182222
51.4984202 -0.1773857 54.49082095
51.49842 -0.1773849 54.4468198
51.4984197 -0.177384 54.44481842
51.4984195 -0.1773833 54.41581739
51.4984193 -0.1773827 54.36881647
51.4984193 -0.177382 54.29181567
51.4984193 -0.1773814 54.21981498
51.4984192 -0.177381 54.15881441
51.4984191 -0.1773806 54.12781384
51.4984191 -0.1773803 54.10481349
51.4984189 -0.1773799 54.0938128
51.4984187 -0.1773796 54.06381222
51.4984187 -0.1773794 53.993812
51.4984186 -0.1773791 53.99581154
51.4984187 -0.1773792 53.89281177
51.4984187 -0.1773789 53.86681142
51.4984187 -0.1773785 53.83081097
51.4984189 -0.1773783 53.77381097
51.4984189 -0.1773781 53.74781074
51.4984188 -0.1773778 53.68081028
51.4984188 -0.1773776 53.65281005
51.4984188 -0.1773775 53.60480994
51.4984188 -0.1773774 53.53280983
51.4984187 -0.1773774 53.48480971
51.4984189 -0.1773774 53.41580994
51.498419 -0.1773774 53.38681006
51.4984191 -0.1773772 53.31080995
51.498419 -0.1773772 53.28680983
51.4984191 -0.1773773 53.26681006
51.4984192 -0.1773774 53.20581029
51.4984193 -0.1773774 53.09281041
51.4984195 -0.1773773 52.98681053
51.4984196 -0.1773771 52.89881042
51.4984198 -0.1773771 52.78481065
51.4984199 -0.177377 52.66881065
51.4984202 -0.1773769 52.53081089
51.4984204 -0.1773768 52.41381101
51.4984205 -0.1773768 52.34981113
51.4984209 -0.1773767 52.19881148
51.4984213 -0.1773767 52.04681195
51.4984215 -0.1773768 51.9258123
51.4984218 -0.1773771 51.75081299
51.498422 -0.1773773 51.68781345
51.4984221 -0.1773779 51.59281426
51.4984221 -0.1773785 51.48381494
51.4984221 -0.177379 51.37281551
51.4984221 -0.1773795 51.18681609
51.4984221 -0.1773796 51.0738162
51.4984222 -0.1773798 50.97081655
51.4984223 -0.1773803 50.87081723
51.4984225 -0.1773808 50.78081804
51.4984226 -0.1773811 50.7368185
51.4984228 -0.1773814 50.67381908
51.4984229 -0.1773817 50.67781954
51.498423 -0.1773819 50.55381988
51.4984229 -0.1773821 50.44381999
51.4984228 -0.1773824 50.32682022
51.4984228 -0.1773827 50.14382056
51.4984227 -0.177383 50.02882079
51.4984227 -0.1773834 49.88082125
51.4984226 -0.1773837 49.76382147
51.4984224 -0.1773839 49.61282147
51.4984222 -0.1773841 49.45682146
51.4984222 -0.1773841 49.32682146
51.4984221 -0.1773841 49.15582135
51.498422 -0.1773841 49.05382123
51.4984219 -0.177384 48.925821
51.4984217 -0.1773838 48.84482053
51.4984216 -0.1773838 48.73482042
51.4984215 -0.1773836 48.63782007
51.4984213 -0.1773834 48.51981961
51.4984211 -0.1773831 48.40981903
51.4984211 -0.1773827 48.30581858
51.4984211 -0.1773824 48.20781823
51.4984211 -0.177382 48.11881777
51.4984209 -0.1773816 48.05581708
51.4984207 -0.1773811 48.00081628
51.4984205 -0.1773806 47.94081547
51.4984204 -0.1773801 47.86681478
51.4984202 -0.1773797 47.78981409
51.4984198 -0.1773791 47.77881294
51.4984194 -0.1773784 47.72381167
51.498419 -0.1773777 47.6778104
51.4984185 -0.1773771 47.64380913
51.4984181 -0.1773765 47.60480798
51.4984177 -0.177376 47.54680694
51.4984173 -0.1773753 47.51180567
51.4984167 -0.1773744 47.52080394
51.498416 -0.1773734 47.54280198
51.4984155 -0.1773725 47.51080036
51.498415 -0.177372 47.52379921
51.4984146 -0.1773717 47.4737984
51.4984142 -0.1773713 47.43479747
51.4984138 -0.1773708 47.45179643
51.4984135 -0.1773702 47.41079539
51.4984133 -0.1773696 47.38379447
51.4984131 -0.1773691 47.30679367
51.4984128 -0.1773686 47.29879275
51.4984125 -0.1773679 47.30479159
51.4984123 -0.1773673 47.27379067
51.498412 -0.1773671 47.2067901
51.4984116 -0.177367 47.19278951
51.4984114 -0.177367 47.11078928
51.4984112 -0.1773669 47.02278893
51.498411 -0.1773666 47.02678835
51.4984108 -0.1773667 46.99678823
51.4984106 -0.1773668 46.95778812
51.4984103 -0.1773668 47.05478776
51.49841 -0.1773668 47.12178741
51.4984098 -0.1773665 47.18778684
51.4984095 -0.1773662 47.32978614
51.4984092 -0.1773662 47.45778579
51.4984091 -0.1773669 47.55478648
51.4984089 -0.1773671 47.73578647
51.4984088 -0.1773673 47.80478658
51.4984087 -0.1773673 47.86578647
51.4984087 -0.1773675 47.94078669
51.4984085 -0.1773677 47.96378669
51.4984084 -0.1773677 48.00678657
51.4984084 -0.1773677 48.05478657
51.4984083 -0.1773682 48.19378703
51.498408 -0.1773683 48.27478679
51.4984077 -0.1773681 48.37378621
51.4984072 -0.177368 48.49278551
51.498407 -0.177368 48.57778528
51.4984067 -0.1773683 48.68978527
51.4984064 -0.1773686 48.81378526
51.4984063 -0.1773687 48.90378526
51.4984059 -0.1773687 48.96478479
51.4984055 -0.1773686 49.04278421
51.4984052 -0.1773685 49.07478374
51.4984051 -0.1773683 49.0927834
51.4984046 -0.177368 49.13978247
51.4984039 -0.1773679 49.22378154
51.4984034 -0.1773678 49.31878084
51.4984027 -0.1773677 49.38477991
51.4984021 -0.1773677 49.40777921
51.4984016 -0.1773675 49.42077839
51.4984009 -0.1773674 49.50177746
51.4984003 -0.1773671 49.52577641
51.4983999 -0.1773669 49.51077572
51.4983993 -0.1773668 49.4987749
51.498399 -0.1773666 49.45377432
51.4983987 -0.1773664 49.49277374
51.4983985 -0.1773662 49.50777328
51.4983982 -0.1773661 49.50177282
51.498398 -0.1773661 49.55277258
51.4983977 -0.1773661 49.54077223
51.4983973 -0.177366 49.49277165
51.498397 -0.1773659 49.44977118
51.4983967 -0.177366 49.47577095
51.4983966 -0.1773659 49.47677072
51.4983964 -0.1773662 49.51977082
51.4983962 -0.1773665 49.59277093
51.4983961 -0.1773668 49.61877116
51.4983958 -0.1773671 49.66877115
51.4983955 -0.1773671 49.7367708
51.4983953 -0.1773673 49.8627708
51.4983948 -0.1773685 50.20477158
51.4983943 -0.17737 50.55677271
51.4983938 -0.1773715 50.89577384
51.4983931 -0.1773728 51.31577451
51.4983925 -0.177374 51.65877518
51.4983919 -0.1773751 51.98577574
51.4983911 -0.1773762 52.35577606
51.4983905 -0.1773775 52.68777685
51.49839 -0.1773787 53.00977763
51.4983896 -0.1773799 53.34677854
51.4983891 -0.1773808 53.65477898
51.4983884 -0.1773818 53.92977931
51.4983878 -0.1773828 54.23477975
51.4983872 -0.1773838 54.51678019
51.4983867 -0.1773849 54.78778087
51.4983861 -0.1773858 55.05978119
51.4983857 -0.1773866 55.30178164
51.4983853 -0.1773875 55.5667822
51.4983847 -0.1773882 55.8187823
51.4983842 -0.1773891 56.05878274
51.4983837 -0.1773901 56.2707833
51.4983832 -0.177391 56.52878375
51.4983827 -0.177392 56.75578431
51.4983821 -0.1773929 57.04278463
51.4983817 -0.1773937 57.28678508
51.4983813 -0.1773949 57.54678599
51.4983809 -0.177396 57.80378678
51.4983804 -0.1773969 58.08378722
51.49838 -0.1773979 58.3407879
51.4983796 -0.1773991 58.5667888
51.4983792 -0.1774003 58.76878971
51.4983789 -0.1774012 59.01779038
51.4983785 -0.1774021 59.27279095
51.498378 -0.1774028 59.49479116
51.4983776 -0.1774036 59.69579161
51.4983773 -0.1774045 59.88379229
51.498377 -0.1774054 60.03279296
51.4983767 -0.1774062 60.21279353
51.4983766 -0.1774069 60.37979421
51.4983765 -0.1774078 60.53979512
51.4983764 -0.1774086 60.67579592
51.4983763 -0.1774092 60.84779649
51.4983761 -0.1774099 61.01379706
51.4983761 -0.1774106 61.08379786
51.4983761 -0.1774113 61.14179866
51.498376 -0.1774119 61.22779923
51.4983758 -0.1774124 61.31179957
51.4983755 -0.1774129 61.38179979
51.4983752 -0.1774133 61.49679989
51.498375 -0.1774138 61.56280023
51.4983751 -0.177414 61.55580058
51.4983751 -0.1774142 61.54580081
51.4983754 -0.1774142 61.51980116
51.4983756 -0.1774142 61.49680139
51.4983755 -0.1774143 61.49980139
51.4983756 -0.1774141 61.48480128
51.4983757 -0.1774139 61.47480116
51.4983759 -0.1774136 61.48280106
51.4983761 -0.1774135 61.46380117
51.4983763 -0.1774136 61.42980152
51.4983765 -0.1774137 61.38380187
51.4983766 -0.1774137 61.36980199
51.4983767 -0.1774137 61.37080211
51.4983767 -0.1774138 61.36780222
51.4983769 -0.177414 61.39780268
51.4983771 -0.1774143 61.45680326
51.4983773 -0.1774144 61.48080361
51.4983776 -0.1774145 61.51280407
51.4983778 -0.1774146 61.57280442
51.4983782 -0.1774146 61.59480489
51.4983786 -0.1774146 61.59280536
51.4983789 -0.1774146 61.62880571
51.4983792 -0.1774146 61.65080606
51.4983794 -0.1774147 61.66980641
51.4983797 -0.1774146 61.70780664
51.4983801 -0.1774144 61.69280688
51.4983804 -0.1774142 61.693807
51.4983807 -0.1774142 61.69980735
51.498381 -0.1774142 61.70180771
51.4983811 -0.1774142 61.69980782
51.4983811 -0.1774143 61.71580794
51.4983812 -0.1774143 61.63780805
51.4983814 -0.1774141 61.59480806
51.4983817 -0.1774139 61.49480818
51.4983817 -0.1774138 61.43880807
51.4983818 -0.1774138 61.43380818
51.4983822 -0.1774138 61.37780865
51.4983826 -0.1774138 61.30980912
51.4983829 -0.1774138 61.26280947
51.4983832 -0.1774138 61.24280982
51.4983835 -0.1774137 61.19981006
51.498384 -0.1774138 61.10381076
51.4983842 -0.1774137 61.03481088
51.4983844 -0.1774136 60.998811
51.4983845 -0.1774135 60.954811
51.4983847 -0.1774133 60.934811
51.4983848 -0.1774131 60.92581089
51.498385 -0.177413 60.95181101
51.4983853 -0.177413 60.92981136
51.4983856 -0.1774131 60.91181183
51.4983858 -0.1774132 60.89781217
51.4983861 -0.1774132 60.88381253
51.4983864 -0.1774131 60.83681276
51.4983867 -0.1774131 60.83881311
51.4983871 -0.1774129 60.83081335
51.4983874 -0.1774128 60.86481359
51.4983878 -0.1774127 60.84081394
51.4983882 -0.1774127 60.83181441
51.4983886 -0.1774127 60.83081488
51.4983889 -0.1774126 60.83181511
51.4983891 -0.1774125 60.83681523
51.4983896 -0.1774125 60.81281582
51.4983899 -0.1774126 60.86181628
51.4983902 -0.1774127 60.86281675
51.4983906 -0.1774128 60.83281733
51.498391 -0.1774128 60.8298178
51.4983913 -0.1774127 60.82381803
51.4983916 -0.1774127 60.82281839
51.498392 -0.1774128 60.82281897
51.4983923 -0.177413 60.83981955
51.4983926 -0.1774133 60.84182024
51.498393 -0.1774135 60.82482094
51.4983932 -0.1774135 60.82082117
51.4983934 -0.1774136 60.85282152
51.4983936 -0.1774136 60.84082175
51.4983937 -0.1774138 60.8708221
51.4983937 -0.1774141 60.85382244
51.4983937 -0.1774141 60.85382244
51.498394 -0.1774142 60.83582291
51.4983942 -0.1774146 60.8088236
51.4983945 -0.1774147 60.77882406
51.4983947 -0.1774149 60.76882453
51.4983949 -0.177415 60.72582487
51.4983952 -0.1774151 60.69882534
51.4983954 -0.1774152 60.66882569
51.4983958 -0.1774151 60.60782604
51.4983962 -0.1774152 60.54782662
51.4983963 -0.1774155 60.55682708
51.4983966 -0.1774158 60.53182778
51.4983969 -0.1774159 60.43682824
51.4983972 -0.177416 60.39382871
51.4983974 -0.1774162 60.32882917
51.4983976 -0.1774163 60.32682952
51.4983979 -0.1774164 60.26382998
51.4983981 -0.1774165 60.24983033
51.4983983 -0.1774167 60.18683079
51.4983986 -0.1774169 60.10883137
51.498399 -0.1774171 60.01383207
51.4983995 -0.1774172 59.91783277
51.4983999 -0.1774172 59.85683324
51.4984 -0.1774175 59.8468337
51.4984002 -0.1774177 59.78283416
51.4984006 -0.1774177 59.68183463
51.498401 -0.1774177 59.5628351
51.4984014 -0.1774178 59.52283568
51.4984016 -0.1774179 59.52483603
51.4984019 -0.1774181 59.53383661
51.4984022 -0.1774184 59.5708373
51.4984024 -0.1774185 59.54783765
51.4984027 -0.1774184 59.45783788
51.4984029 -0.1774184 59.43283812
51.4984029 -0.1774185 59.39483823
51.4984031 -0.1774187 59.33983869
51.4984035 -0.1774186 59.29083905
51.4984037 -0.1774183 59.25583894
51.4984039 -0.1774181 59.25583894
51.4984041 -0.1774181 59.20983918
51.4984042 -0.1774184 59.17583964
51.4984044 -0.1774186 59.1908401
51.4984044 -0.1774186 59.1538401
51.4984046 -0.1774186 59.10084033
51.4984048 -0.1774184 59.02984034
51.498405 -0.1774185 58.97784069
51.4984051 -0.1774188 58.94784115
51.4984052 -0.1774188 58.88484126
51.4984054 -0.1774186 58.79984127
51.4984054 -0.1774185 58.75484116
51.4984054 -0.1774183 58.68784093
51.4984055 -0.1774182 58.60984093
51.4984056 -0.1774183 58.53584116
51.4984056 -0.1774183 58.43584116
51.4984056 -0.1774185 58.35684139
51.4984056 -0.1774186 58.2598415
51.4984055 -0.1774186 58.16084139
51.4984054 -0.1774183 58.04184093
51.4984053 -0.1774181 57.99184058
51.4984052 -0.1774179 57.88584024
51.4984051 -0.1774177 57.79283989
51.4984051 -0.1774174 57.69583955
51.498405 -0.1774172 57.6138392
51.498405 -0.1774171 57.54083909
51.498405 -0.1774169 57.44983886
51.4984049 -0.1774166 57.3578384
51.4984049 -0.1774162 57.24583794
51.4984048 -0.1774159 57.17883748
51.4984048 -0.1774155 57.07083702
51.4984048 -0.1774152 56.97183668
51.4984047 -0.1774149 56.86883622
51.4984047 -0.1774145 56.75483576
51.4984046 -0.177414 56.61983507
51.4984044 -0.1774137 56.5208345
51.4984042 -0.1774133 56.41883381
51.498404 -0.1774129 56.31983311
51.4984039 -0.1774125 56.21383254
51.498404 -0.1774123 56.11683243
51.4984042 -0.1774121 56.01383243
51.4984043 -0.1774117 55.94283209
51.4984043 -0.1774111 55.81683141
51.4984043 -0.1774106 55.73183083
51.4984043 -0.1774103 55.65183049
51.4984043 -0.1774098 55.57382992
51.4984043 -0.1774093 55.51982935
51.4984045 -0.1774087 55.4428289
51.4984047 -0.177408 55.34082833
51.4984047 -0.1774075 55.21882776
51.4984048 -0.1774068 55.13382707
51.4984047 -0.1774063 55.04482639
51.4984046 -0.1774058 54.9388257
51.4984043 -0.1774052 54.86082466
51.4984042 -0.1774043 54.75682351
51.4984041 -0.1774038 54.64882282
51.4984041 -0.1774036 54.5608226
51.4984043 -0.1774033 54.45182249
51.4984044 -0.1774029 54.29882215
51.4984044 -0.1774023 54.18582146
51.4984044 -0.1774018 54.08082089
51.4984046 -0.1774012 53.95682044
51.4984047 -0.1774007 53.89281998
51.4984049 -0.1774003 53.82181976
51.498405 -0.1774 53.73781953
51.4984053 -0.1773998 53.67381965
51.4984056 -0.1773998 53.66482
51.498406 -0.1774 53.6528207
51.4984065 -0.1774002 53.74782151
51.4984069 -0.1774001 53.68882187
51.4984073 -0.1773999 53.63882211
51.4984076 -0.1773996 53.59682212
51.4984078 -0.1773992 53.53182189
51.4984079 -0.1773988 53.47582155
51.498408 -0.1773987 53.43882155
51.4984081 -0.1773986 53.40982156
51.4984084 -0.1773989 53.48082225
51.4984086 -0.177399 53.4248226
51.498409 -0.1773988 53.37082284
51.4984095 -0.1773992 53.46082388
51.4984099 -0.1773999 53.56782515
51.4984104 -0.1774005 53.68882642
51.4984109 -0.1774011 53.88382769
51.4984115 -0.1774018 54.01582919
51.498412 -0.1774025 54.12783058
51.4984126 -0.1774031 54.26483196
51.4984134 -0.1774042 54.50883416
51.4984145 -0.1774054 54.73083682
51.4984156 -0.1774061 54.8488389
51.4984166 -0.1774067 54.96184076
51.4984176 -0.1774074 55.08784273
51.4984188 -0.1774082 55.24784505
51.4984196 -0.1774088 55.40684667
51.4984204 -0.1774097 55.61584863
51.4984211 -0.1774106 55.75285048
51.4984219 -0.1774113 55.84785222
51.4984226 -0.1774122 56.02285406
51.4984233 -0.1774133 56.19685614
51.4984241 -0.1774142 56.31385811
51.4984249 -0.1774148 56.44985973
51.4984256 -0.1774159 56.6768618
51.4984265 -0.1774169 56.852864
51.4984273 -0.1774178 57.04286596
51.4984281 -0.1774184 57.21086759
51.4984287 -0.1774192 57.4388692
51.4984294 -0.1774199 57.61687082
51.4984304 -0.1774205 57.84687268
51.4984309 -0.1774198 57.75687246
51.4984311 -0.1774196 57.74987247
51.4984314 -0.1774196 57.73387282
51.4984317 -0.1774198 57.7448734
51.4984323 -0.17742 57.77587433
51.4984327 -0.1774199 57.75287468
51.4984328 -0.1774199 57.6608748
51.4984328 -0.1774199 57.6308748
51.498433 -0.1774199 57.65787503
51.4984332 -0.1774197 57.59987504
51.4984335 -0.1774197 57.57087539
51.498434 -0.1774197 57.61787597
51.4984344 -0.1774195 57.62387621
51.4984348 -0.1774194 57.63087656
51.4984352 -0.1774193 57.62487692
51.4984355 -0.1774192 57.53087715
51.4984356 -0.1774191 57.48287716
51.4984356 -0.1774189 57.46987693
51.4984358 -0.1774187 57.46287693
51.4984361 -0.1774187 57.43987728
51.4984362 -0.1774186 57.41887729
51.4984365 -0.1774184 57.32987741
51.4984366 -0.1774183 57.30187741
51.4984368 -0.1774182 57.27887753
51.498437 -0.177418 57.24287754
51.4984372 -0.1774179 57.20087766
51.4984374 -0.1774181 57.14387812
51.4984376 -0.1774181 57.03287835
51.4984377 -0.1774178 56.92587813
51.4984377 -0.1774177 56.89687801
51.4984378 -0.1774178 56.90687824
51.4984378 -0.1774178 56.92087824
51.4984379 -0.1774176 56.85587813
51.498438 -0.1774174 56.77987802
51.498438 -0.1774174 56.75787802
51.4984382 -0.1774173 56.70887814
51.4984385 -0.1774174 56.6668786
51.4984386 -0.1774174 56.59987872
51.4984387 -0.1774175 56.56087895
51.4984387 -0.1774177 56.54387918
51.4984388 -0.1774176 56.49987918
51.498439 -0.1774175 56.5028793
51.4984391 -0.1774174 56.47287931
51.498439 -0.1774177 56.47587953
51.4984392 -0.1774178 56.43987988
51.4984396 -0.1774178 56.45588035
51.4984398 -0.1774177 56.40488047
51.4984399 -0.1774178 56.4188807
51.4984399 -0.1774179 56.45788081
51.49844 -0.1774183 56.50688139
51.4984402 -0.1774184 56.43588174
51.4984403 -0.1774181 56.36788151
51.4984404 -0.177418 56.32588151
51.4984406 -0.1774179 56.25188163
51.4984406 -0.1774179 56.23488163
51.4984407 -0.1774178 56.19188163
51.4984408 -0.1774177 56.12288164
51.4984408 -0.1774177 56.12188164
51.4984409 -0.1774178 56.09688187
51.4984411 -0.1774179 56.07188222
51.4984412 -0.1774179 56.06388233
51.4984412 -0.1774181 56.10788256
51.4984413 -0.1774181 56.15088268
51.4984413 -0.177418 56.12888256
51.4984413 -0.177418 56.09488256
51.4984414 -0.177418 55.99588268
51.4984416 -0.177418 55.94888291
51.4984419 -0.1774182 55.97688349
51.4984423 -0.1774183 56.03788408
51.4984425 -0.1774182 56.0108842
51.4984427 -0.1774178 55.88388397
51.4984425 -0.1774177 55.85288362
51.4984423 -0.1774178 55.7688835
51.4984423 -0.1774178 55.7898835
51.4984422 -0.1774178 55.76288339
51.4984421 -0.1774179 55.76688339
51.4984423 -0.1774183 55.83188408
51.4984426 -0.1774185 55.84188466
51.4984426 -0.1774184 55.83488454
51.4984426 -0.1774184 55.79488454
51.4984426 -0.1774183 55.69888443
51.4984425 -0.1774184 55.56588442
51.4984423 -0.1774185 55.48388431
51.4984421 -0.1774186 55.40388419
51.4984421 -0.1774188 55.43288441
51.4984422 -0.177419 55.40688476
51.4984421 -0.1774193 55.41788499
51.4984421 -0.1774195 55.34688521
51.4984421 -0.1774197 55.29088544
51.4984422 -0.1774201 55.29988602
51.4984423 -0.1774201 55.30188613
51.4984424 -0.1774201 55.31588625
51.4984427 -0.1774208 55.3288874
51.498443 -0.1774215 55.37288855
51.4984429 -0.1774219 55.3178889
51.4984427 -0.1774222 55.211889
51.4984424 -0.1774222 55.07488865
51.4984422 -0.1774222 54.92588842
51.498442 -0.1774226 54.82488864
51.498442 -0.177423 54.7438891
51.4984419 -0.177423 54.67888898
51.4984418 -0.1774231 54.62888898
51.4984417 -0.1774233 54.54888909
51.4984416 -0.1774236 54.48788932
51.4984416 -0.1774241 54.44588989
51.4984416 -0.1774244 54.39689023
51.4984415 -0.1774245 54.38989023
51.4984416 -0.177425 54.36889092
51.4984418 -0.1774255 54.38389173
51.4984417 -0.1774256 54.37189172
51.4984415 -0.1774257 54.3398916
51.4984414 -0.1774259 54.33789172
51.4984413 -0.1774262 54.26589194
51.498441 -0.1774263 54.1718917
51.4984407 -0.1774266 54.0918917
51.4984404 -0.1774268 53.99789158
51.49844 -0.1774271 53.88089145
51.4984397 -0.1774275 53.75089156
51.4984392 -0.177428 53.62489154
51.4984389 -0.1774285 53.56389177
51.4984385 -0.1774288 53.53089164
51.4984381 -0.1774291 53.48389152
51.4984376 -0.1774292 53.41189105
51.4984371 -0.1774291 53.30889035
51.4984366 -0.1774292 53.23088988
51.4984362 -0.1774293 53.17488952
51.498436 -0.1774294 53.2208894
51.4984358 -0.1774297 53.25188951
51.4984356 -0.1774302 53.26488985
51.4984354 -0.1774305 53.31288996
51.4984355 -0.1774309 53.35789053
51.4984355 -0.1774312 53.37889088
51.4984354 -0.1774315 53.3458911
51.4984352 -0.1774318 53.40489121
51.4984349 -0.1774317 53.45789075
51.4984349 -0.1774319 53.59389098
51.4984347 -0.1774319 53.68689074
51.4984346 -0.177432 53.72789074
51.4984343 -0.1774321 53.7668905
51.4984341 -0.1774322 53.83389038
51.4984339 -0.1774326 53.94489061
51.4984337 -0.1774329 53.98089072
51.4984334 -0.177433 54.00189048
51.4984331 -0.1774332 54.17389036
51.4984331 -0.1774337 54.36089093
51.498433 -0.177434 54.40089116
51.4984329 -0.1774342 54.48289127
51.4984327 -0.1774341 54.52289092
51.4984325 -0.1774343 54.61689091
51.4984325 -0.1774347 54.75289137
51.4984324 -0.177435 54.8828916
51.4984325 -0.1774352 55.00989194
51.4984323 -0.1774352 55.08189171
51.4984321 -0.1774354 55.1888917
51.4984321 -0.1774355 55.31789182
51.4984317 -0.1774353 55.28589112
51.4984314 -0.1774352 55.26489066
51.4984312 -0.1774353 55.27189054
51.4984309 -0.1774352 55.28789007
51.4984306 -0.177435 55.23088949
51.4984302 -0.1774348 55.2228888
51.4984298 -0.1774345 55.22888799
51.4984294 -0.1774343 55.21688729
51.498429 -0.1774343 55.21788682
51.4984285 -0.1774341 55.16588601
51.4984281 -0.177434 55.20488543
51.4984277 -0.1774339 55.21588484
51.4984274 -0.1774338 55.23388438
51.498427 -0.1774335 55.23388357
51.4984265 -0.1774333 55.21588275
51.4984261 -0.1774331 55.20288206
51.4984257 -0.1774329 55.18288136
51.4984252 -0.1774328 55.19388066
51.4984247 -0.1774326 55.18587985
51.4984243 -0.1774326 55.22987938
51.4984241 -0.1774329 55.28887949
51.4984236 -0.1774331 55.51187913
51.4984232 -0.1774334 55.72187901
51.4984226 -0.1774335 55.90487842
51.4984223 -0.1774341 56.14287876
51.498422 -0.1774348 56.44687921
51.498422 -0.1774357 56.75788024
51.498422 -0.1774365 57.02288115
51.498422 -0.1774374 57.28588218
51.4984221 -0.1774381 57.5118831
51.4984221 -0.1774385 57.72588356
51.4984222 -0.1774387 57.8198839
51.4984223 -0.1774389 57.95588425
51.4984223 -0.1774392 58.07588459
51.4984224 -0.1774395 58.18888505
51.4984222 -0.1774394 58.1648847
51.4984219 -0.1774394 58.20188435
51.4984215 -0.1774391 58.17188354
51.4984212 -0.1774387 58.09788273
51.4984205 -0.1774382 58.06088134
51.4984198 -0.1774377 58.04187995
51.4984192 -0.177437 57.99087845
51.4984186 -0.1774363 57.91087695
51.4984182 -0.1774359 57.82487602
51.4984177 -0.1774354 57.78487486
51.4984171 -0.1774347 57.68887336
51.4984163 -0.1774341 57.66787174
51.4984157 -0.1774337 57.67687058
51.4984154 -0.1774333 57.65786977
51.4984148 -0.1774326 57.60586827
51.4984144 -0.1774322 57.57486735
51.4984143 -0.1774316 57.48486654
51.498414 -0.1774313 57.47186585
51.4984137 -0.1774309 57.46786504
51.4984134 -0.1774305 57.41786423
51.4984129 -0.1774301 57.39486319
51.4984125 -0.1774298 57.40086238
51.4984122 -0.1774295 57.34386169
51.4984119 -0.1774293 57.27586111
51.4984114 -0.1774287 57.12185984
51.4984109 -0.1774282 56.99385868
51.4984103 -0.1774276 56.87485729
51.4984099 -0.1774273 56.75985648
51.4984095 -0.1774269 56.60785556
51.4984091 -0.1774266 56.48785474
51.4984085 -0.1774261 56.32385347
51.4984081 -0.1774257 56.15085255
51.4984076 -0.1774253 55.9798515
51.4984071 -0.177425 55.79585058
51.4984067 -0.1774247 55.76384977
51.4984066 -0.1774245 55.74984942
51.4984065 -0.1774242 55.73184896
51.4984063 -0.177424 55.7738485
51.4984062 -0.1774237 55.78984804
51.4984062 -0.1774235 55.78384781
51.4984063 -0.1774235 55.77784793
51.4984064 -0.1774234 55.78784793
51.4984065 -0.1774233 55.81784793
51.4984067 -0.1774233 55.82484816
51.4984068 -0.1774234 55.8418484
51.4984068 -0.1774235 55.85484851
51.4984069 -0.1774237 55.86984886
51.498407 -0.177424 55.90484932
51.4984073 -0.1774242 55.9378499
51.4984076 -0.1774243 55.97185036
51.4984078 -0.1774244 55.99285071
51.498408 -0.1774245 56.05685106
51.4984083 -0.1774247 56.09285164
51.4984087 -0.177425 56.14085245
51.4984091 -0.1774253 56.16585326
51.4984095 -0.1774255 56.17785395
51.4984099 -0.1774258 56.20385477
51.4984101 -0.1774259 56.25585511
51.4984102 -0.177426 56.29085535
51.4984105 -0.177426 56.2688557
51.4984107 -0.177426 56.26185593
51.4984109 -0.1774262 56.28285639
51.4984111 -0.1774262 56.32185663
51.4984114 -0.1774264 56.36685721
51.4984117 -0.1774266 56.40785779
51.4984119 -0.1774267 56.42485813
51.4984122 -0.1774268 56.4198586
51.4984124 -0.177427 56.41785906
51.4984125 -0.1774274 56.51685964
51.4984127 -0.1774277 56.50486021
51.4984128 -0.1774278 56.49886044
51.4984131 -0.1774281 56.52886114
51.4984133 -0.1774282 56.55486149
51.4984134 -0.1774282 56.5788616
51.4984136 -0.1774284 56.65086207
51.4984137 -0.1774284 56.68886218
51.4984139 -0.1774285 56.75086253
51.4984139 -0.1774296 56.94386379
51.4984137 -0.1774306 57.1688647
51.4984135 -0.1774316 57.41386561
51.4984132 -0.1774328 57.67686663
51.4984128 -0.1774338 57.91986731
51.4984125 -0.1774346 58.17386787
51.4984122 -0.1774354 58.43186843
51.4984119 -0.1774363 58.68386911
51.4984116 -0.1774371 58.90286968
51.4984113 -0.177438 59.14287035
51.4984111 -0.1774387 59.36487092
51.4984109 -0.1774394 59.56187149
51.4984109 -0.1774402 59.7778724
51.4984108 -0.1774409 59.98887309
51.4984106 -0.1774417 60.21387377
51.4984105 -0.1774423 60.41787434
51.4984103 -0.1774427 60.60887456
51.49841 -0.1774433 60.80487489
51.49841 -0.177444 60.9488757
51.4984098 -0.1774447 61.17187626
51.4984097 -0.1774452 61.40387672
51.4984096 -0.1774457 61.56787717
51.4984094 -0.1774463 61.76387762
51.4984092 -0.1774468 61.97587796
51.4984089 -0.1774474 62.1658783
51.4984088 -0.1774481 62.30387898
51.4984087 -0.1774487 62.44687955
51.4984087 -0.1774494 62.59288035
51.4984087 -0.1774501 62.71888115
51.4984089 -0.1774502 62.7508815
51.498409 -0.1774504 62.79788184
51.4984091 -0.1774506 62.84688219
51.4984093 -0.1774508 62.86788265
51.4984095 -0.1774509 62.922883
51.4984097 -0.177451 62.92888335
51.4984099 -0.1774512 62.96388381
51.4984101 -0.1774513 62.96088416
51.4984104 -0.1774514 62.93688463
51.4984107 -0.1774517 62.98888532
51.4984108 -0.1774518 62.97688555
51.4984109 -0.1774519 62.99388578
51.4984112 -0.1774518 62.97088602
51.4984114 -0.1774519 62.99188637
51.4984115 -0.177452 63.0398866
51.4984118 -0.1774521 63.02788706
51.4984121 -0.1774522 63.05088753
51.4984123 -0.1774522 63.02788776
51.4984125 -0.1774523 63.02688811
51.4984127 -0.1774525 63.02088857
51.4984128 -0.1774528 63.01788903
51.4984129 -0.177453 63.00788938
51.4984132 -0.1774532 62.96888996
51.4984135 -0.1774534 62.91189054
51.4984138 -0.1774535 62.877891
51.498414 -0.1774536 62.85589135
51.4984142 -0.1774538 62.87089181
51.4984144 -0.1774539 62.86089216
51.4984144 -0.177454 62.89189228
51.4984145 -0.1774541 62.87289251
51.4984148 -0.1774542 62.84589297
51.4984152 -0.1774543 62.79289356
51.4984156 -0.1774544 62.76289414
51.4984158 -0.1774544 62.76089437
51.498416 -0.1774545 62.78189472
51.4984161 -0.1774547 62.81189506
51.4984163 -0.1774548 62.81489541
51.4984166 -0.1774549 62.79789588
51.4984169 -0.1774549 62.78989623
51.498417 -0.177455 62.79989646
51.4984174 -0.1774551 62.80289704
51.4984176 -0.1774552 62.81089739
51.4984179 -0.1774553 62.80189786
51.498418 -0.1774553 62.79689797
51.498418 -0.1774554 62.80989809
51.4984181 -0.1774555 62.76889832
51.4984182 -0.1774557 62.76489866
51.4984182 -0.1774557 62.74489866
51.4984183 -0.1774558 62.7508989
51.4984183 -0.1774559 62.73389901
51.4984184 -0.1774559 62.70889913
51.4984186 -0.1774558 62.67189925
51.4984189 -0.1774558 62.6738996
51.4984192 -0.1774559 62.69290006
51.4984194 -0.1774559 62.6869003
51.4984197 -0.1774558 62.66990053
51.4984199 -0.1774557 62.66290065
51.4984202 -0.1774557 62.654901
51.4984205 -0.1774557 62.64790135
51.4984207 -0.1774556 62.63290147
51.498421 -0.1774554 62.6329016
51.4984214 -0.1774553 62.62090195
51.4984217 -0.1774553 62.6129023
51.498422 -0.1774552 62.62990254
51.4984224 -0.1774553 62.64990312
51.4984228 -0.1774554 62.6659037
51.4984232 -0.1774554 62.71490417
51.4984237 -0.1774554 62.71790475
51.4984241 -0.1774553 62.73890511
51.4984245 -0.1774552 62.74290546
51.4984249 -0.1774551 62.76390581
51.4984253 -0.1774551 62.76990628
51.4984258 -0.1774551 62.76990687
51.4984261 -0.1774552 62.77490733
51.4984264 -0.1774552 62.77890768
51.4984267 -0.1774552 62.78990803
51.4984272 -0.1774551 62.7439085
51.4984276 -0.177455 62.71090886
51.4984279 -0.1774549 62.70390909
51.4984281 -0.1774548 62.71590921
51.4984283 -0.1774548 62.68090945
51.4984287 -0.1774548 62.61190991
51.4984291 -0.1774548 62.55191038
51.4984296 -0.1774547 62.47691085
51.49843 -0.1774546 62.41791121
51.4984304 -0.1774545 62.37491156
51.4984308 -0.1774545 62.33891203
51.4984313 -0.1774543 62.30791238
51.4984316 -0.1774542 62.22291262
51.4984319 -0.1774544 62.1969132
51.4984323 -0.1774545 62.16291378
51.4984326 -0.1774543 62.1349139
51.4984331 -0.1774542 62.09491437
51.4984337 -0.1774543 62.07191519
51.498434 -0.1774542 62.00091543
51.4984343 -0.177454 61.91491555
51.4984348 -0.1774538 61.8199159
51.4984354 -0.1774537 61.75491649
51.498436 -0.1774537 61.68791719
51.4984364 -0.1774536 61.65391755
51.4984368 -0.1774534 61.61491779
51.4984372 -0.1774535 61.61791837
51.4984376 -0.1774536 61.57991895
51.498438 -0.1774536 61.54991942
51.4984383 -0.1774537 61.54191988
51.4984387 -0.1774539 61.52992058
51.498439 -0.1774539 61.52192093
51.4984393 -0.1774538 61.51292117
51.4984397 -0.1774537 61.53992152
51.4984399 -0.1774538 61.54892187
51.4984401 -0.1774538 61.5109221
51.4984405 -0.1774539 61.48692268
51.4984407 -0.1774539 61.47792292
51.4984411 -0.177454 61.4709235
51.4984413 -0.177454 61.41392373
51.4984415 -0.1774541 61.41492408
51.4984416 -0.1774541 61.3919242
51.4984417 -0.1774538 61.39892397
51.4984419 -0.1774537 61.36892409
51.498442 -0.1774537 61.32892421
51.4984421 -0.1774536 61.32492421
51.4984423 -0.1774533 61.2749241
51.4984424 -0.1774531 61.23592399
51.4984425 -0.1774531 61.19892411
51.4984428 -0.1774531 61.12792446
51.4984429 -0.1774532 61.09592469
51.498443 -0.1774533 61.11492492
51.4984432 -0.1774534 61.11792527
51.4984434 -0.1774534 61.0949255
51.4984437 -0.1774533 61.00792574
51.4984438 -0.1774532 60.99492574
51.4984439 -0.1774533 61.02792597
51.4984441 -0.1774532 60.99592609
51.4984441 -0.1774532 61.02292609
51.4984442 -0.1774533 61.04692632
51.4984444 -0.1774532 61.01292644
51.4984447 -0.1774533 61.00192691
51.4984451 -0.1774535 61.04692761
51.4984455 -0.1774535 61.06692807
51.4984459 -0.1774534 61.08292843
51.4984461 -0.1774534 61.07792866
51.4984462 -0.1774534 61.10192878
51.4984464 -0.1774533 61.0829289
51.4984467 -0.1774533 61.06092925
51.4984469 -0.1774534 61.1049296
51.498447 -0.1774534 61.09592971
51.4984471 -0.1774535 61.08492994
51.4984472 -0.1774537 61.08393029
51.4984473 -0.1774539 61.09193064
51.4984474 -0.1774537 61.05593052
51.4984474 -0.1774537 61.03593052
51.4984474 -0.1774539 61.02593075
51.4984475 -0.177454 61.01893098
51.4984476 -0.1774541 61.00593122
51.4984477 -0.1774542 60.97493145
51.4984477 -0.1774543 60.95193156
51.4984478 -0.1774544 60.92193179
51.4984478 -0.1774546 60.87893202
51.4984479 -0.1774548 60.88293237
51.498448 -0.1774551 60.93593283
51.4984481 -0.1774554 60.95793329
51.4984481 -0.1774555 60.9689334
51.498448 -0.1774556 60.9409334
51.4984479 -0.1774557 60.9029334
51.4984478 -0.1774559 60.90693351
51.4984478 -0.1774561 60.86993374
51.4984479 -0.1774563 60.82493408
51.498448 -0.1774563 60.8279342
51.498448 -0.1774562 60.75393408
51.498448 -0.1774561 60.70993397
51.498448 -0.1774562 60.68393408
51.498448 -0.1774563 60.6659342
51.4984478 -0.1774566 60.64493431
51.4984477 -0.1774567 60.60293431
51.4984478 -0.1774568 60.57693454
51.4984478 -0.1774569 60.56993465
51.4984477 -0.1774567 60.53493431
51.4984476 -0.1774567 60.51593419
51.4984476 -0.1774567 60.49793419
51.4984475 -0.1774569 60.5199343
51.4984475 -0.177457 60.51193441
51.4984475 -0.1774571 60.52093453
51.4984473 -0.1774572 60.51393441
51.4984472 -0.1774573 60.48593441
51.498447 -0.1774573 60.46293417
51.4984469 -0.1774572 60.44093394
51.4984468 -0.1774572 60.40793382
51.4984465 -0.1774573 60.39393359
51.4984462 -0.1774574 60.34293335
51.4984459 -0.1774573 60.31393289
51.4984457 -0.1774571 60.28493242
51.4984454 -0.1774569 60.26093184
51.4984451 -0.1774568 60.23893138
51.4984449 -0.1774568 60.20693115
51.4984448 -0.1774567 60.17393091
51.4984445 -0.1774567 60.19093056
51.4984442 -0.1774567 60.20493021
51.498444 -0.1774565 60.16292975
51.4984437 -0.1774566 60.17692951
51.4984433 -0.1774566 60.16092905
51.498443 -0.1774566 60.12592869
51.4984428 -0.1774565 60.09892835
51.4984426 -0.1774569 60.16192857
51.4984423 -0.1774574 60.25192879
51.4984422 -0.1774576 60.2519289
51.4984421 -0.1774577 60.2659289
51.4984419 -0.177458 60.28792901
51.4984417 -0.1774584 60.35992923
51.4984415 -0.1774587 60.39392934
51.4984413 -0.1774591 60.44492957
51.498441 -0.1774595 60.50092967
51.4984408 -0.1774597 60.58192967
51.4984407 -0.1774599 60.64192978
51.4984404 -0.1774602 60.72092977
51.4984402 -0.1774606 60.83793
51.49844 -0.1774609 60.9439301
51.4984396 -0.1774612 61.05092998
51.4984394 -0.1774615 61.13093009
51.4984393 -0.1774616 61.19693009
51.4984392 -0.1774616 61.26092997
51.498439 -0.1774616 61.32592974
51.4984389 -0.1774619 61.38292996
51.4984387 -0.1774623 61.44593018
51.4984386 -0.1774625 61.5039303
51.4984385 -0.1774625 61.51193018
51.4984382 -0.1774626 61.53792994
51.4984379 -0.1774625 61.59292948
51.4984377 -0.1774625 61.62192924
51.4984375 -0.1774626 61.66992912
51.4984373 -0.1774627 61.70492901
51.498437 -0.1774627 61.77592865
51.4984367 -0.1774627 61.8359283
51.4984365 -0.1774627 61.90592807
51.4984362 -0.1774628 61.97792783
51.4984359 -0.177463 62.05192771
51.4984357 -0.177463 62.06292748
51.4984356 -0.177463 62.11592736
51.4984355 -0.1774631 62.16392736
51.4984354 -0.1774632 62.20192736
51.4984352 -0.1774632 62.26492712
51.498435 -0.1774632 62.36792689
51.498435 -0.1774635 62.43592723
51.4984349 -0.177464 62.54492769
51.4984348 -0.177464 62.55192757
51.4984348 -0.1774639 62.58492745
51.4984347 -0.1774641 62.59292757
51.4984346 -0.1774643 62.62192768
51.4984348 -0.1774644 62.60392803
51.4984349 -0.1774645 62.65692826
51.4984348 -0.1774647 62.72192837
51.4984349 -0.1774648 62.7399286
51.4984351 -0.1774651 62.78492918
51.4984351 -0.1774654 62.86792952
51.498435 -0.1774659 62.93992998
51.498435 -0.1774668 62.986931
51.4984353 -0.1774678 63.0099325
51.4984356 -0.1774688 63.04293399
51.4984361 -0.1774697 63.04793561
51.4984365 -0.1774706 63.1219371
51.4984368 -0.1774714 63.17893837
51.4984371 -0.1774722 63.25793964
51.4984375 -0.1774728 63.32494079
51.4984379 -0.1774735 63.38994206
51.4984382 -0.1774744 63.49994344
51.4984385 -0.1774753 63.63594482
51.4984389 -0.1774762 63.74594632
51.4984393 -0.1774771 63.85894781
51.4984398 -0.177478 63.95894943
51.4984402 -0.1774786 64.05395058
51.4984405 -0.1774793 64.15995173
51.498441 -0.1774799 64.254953
51.4984415 -0.1774806 64.35895439
51.4984419 -0.1774811 64.43995543
51.4984422 -0.1774818 64.55295658
51.4984426 -0.1774825 64.65795785
51.498443 -0.177483 64.76195889
51.4984434 -0.1774837 64.85296015
51.4984437 -0.1774846 65.00896153
51.4984442 -0.1774851 65.08196269
51.4984446 -0.177486 65.20996419
51.4984449 -0.1774868 65.32996545
51.4984453 -0.1774874 65.44296661
51.4984457 -0.177488 65.57496776
51.4984461 -0.1774887 65.71196903
51.4984465 -0.1774894 65.8409703
51.498447 -0.1774902 65.9379718
51.4984477 -0.1774909 66.06697342
51.4984482 -0.1774916 66.1969748
51.4984486 -0.1774923 66.31297607
51.4984491 -0.1774929 66.36297734
51.4984495 -0.1774934 66.43397838
51.4984499 -0.1774939 66.51097942
51.4984504 -0.1774945 66.57298069
51.4984507 -0.1774952 66.68798184
51.4984511 -0.1774959 66.79998311
51.4984514 -0.1774963 66.86598392
51.4984517 -0.1774966 66.91398461
51.4984518 -0.1774972 67.07798542
51.498452 -0.1774981 67.24798668
51.498452 -0.177499 67.42398771
51.498452 -0.1774997 67.58898851
51.4984521 -0.1775005 67.73798954
51.4984522 -0.1775013 67.88999057
51.4984523 -0.177502 68.04499149
51.4984524 -0.1775028 68.17599252
51.4984524 -0.1775039 68.33799378
51.4984524 -0.1775048 68.46799481
51.4984523 -0.1775057 68.63799572
51.4984523 -0.1775066 68.77099675
51.4984522 -0.1775075 68.87699766
51.498452 -0.1775085 69.04999857
51.4984519 -0.1775096 69.20499972
51.4984517 -0.1775105 69.34900051
51.4984515 -0.1775115 69.53200142
51.4984514 -0.1775126 69.69200256
51.4984512 -0.1775137 69.85500359
51.498451 -0.1775147 70.0350045
51.4984509 -0.1775156 70.17100541
51.4984506 -0.1775167 70.34900632
51.4984504 -0.1775177 70.46900722
51.4984501 -0.1775186 70.6380079
51.4984499 -0.1775197 70.78700893
51.4984497 -0.1775208 70.95800995
51.4984495 -0.1775218 71.12601086
51.4984494 -0.1775229 71.276012
51.4984493 -0.1775238 71.41801291
51.4984492 -0.1775248 71.56201394
51.4984491 -0.1775259 71.70601508
