51.4992406 -0.1759173
51.4992409 -0.1759188
51.4992407 -0.1759206
51.4992405 -0.1759212
51.4992401 -0.175922
51.4992396 -0.1759222
51.4992394 -0.1759226
51.4992394 -0.1759229
51.4992394 -0.175923
51.4992395 -0.1759232
51.4992397 -0.1759235
51.4992396 -0.1759239
51.4992393 -0.1759236
51.4992392 -0.1759241
51.4992391 -0.1759241
51.4992388 -0.1759239
51.4992384 -0.1759235
51.4992381 -0.1759229
51.4992382 -0.1759225
51.4992384 -0.1759224
51.4992383 -0.1759219
51.4992382 -0.1759211
51.4992382 -0.1759208
51.4992384 -0.1759205
51.4992388 -0.1759203
51.4992392 -0.1759204
51.4992394 -0.1759203
51.4992396 -0.1759204
51.49924 -0.1759206
51.4992406 -0.1759212
51.499241 -0.1759214
51.4992412 -0.1759219
51.4992411 -0.1759224
51.4992413 -0.1759228
51.4992414 -0.1759236
51.4992413 -0.1759246
51.4992412 -0.1759254
51.4992416 -0.1759262
51.4992421 -0.1759267
51.4992425 -0.1759273
51.4992429 -0.1759275
51.4992431 -0.1759276
51.4992432 -0.1759279
51.4992435 -0.1759283
51.4992438 -0.1759284
51.4992436 -0.1759286
51.4992433 -0.1759281
51.4992427 -0.1759277
51.4992423 -0.1759273
51.4992422 -0.1759277
51.4992415 -0.1759282
51.4992408 -0.1759289
51.4992403 -0.1759298
51.4992399 -0.1759311
51.4992386 -0.1759284
51.4992372 -0.1759256
51.4992359 -0.1759221
51.4992353 -0.1759196
51.4992351 -0.1759167
51.4992351 -0.1759145
51.4992349 -0.1759134
51.4992352 -0.1759131
51.4992352 -0.1759134
51.499235 -0.175913
51.499235 -0.1759126
51.4992352 -0.1759125
51.4992349 -0.175912
51.4992343 -0.1759111
51.4992337 -0.1759117
51.4992332 -0.1759117
51.4992331 -0.1759124
51.4992328 -0.1759115
51.4992319 -0.1759095
51.4992314 -0.1759064
51.4992312 -0.1759049
51.4992316 -0.1759038
51.499232 -0.1759021
51.4992316 -0.1758995
51.4992307 -0.1758968
51.49923 -0.175895
51.49923 -0.1758954
51.4992303 -0.1758963
51.4992308 -0.1758961
51.4992313 -0.1758958
51.4992318 -0.1758958
51.499232 -0.1758962
51.4992317 -0.1759018
51.499231 -0.1759054
51.4992303 -0.1759073
51.49923 -0.1759079
51.49923 -0.1759074
51.4992299 -0.1759066
51.4992305 -0.1759087
51.4992298 -0.175909
51.4992286 -0.1759083
51.4992281 -0.1759094
51.4992271 -0.1759081
51.4992274 -0.1759064
51.4992288 -0.1759063
51.4992296 -0.1759059
51.4992297 -0.1759064
51.4992307 -0.1759057
51.4992319 -0.1759065
51.4992323 -0.1759065
51.4992329 -0.1759064
51.4992344 -0.1759067
51.4992343 -0.1759064
51.4992337 -0.1759054
51.4992332 -0.1759057
51.4992331 -0.1759054
51.4992334 -0.1759061
51.4992334 -0.1759057
51.4992333 -0.1759058
51.4992324 -0.1759054
51.499232 -0.1759043
51.4992314 -0.1759029
51.4992311 -0.175901
51.4992303 -0.1758983
51.4992298 -0.1758966
51.4992292 -0.1758938
51.4992283 -0.175891
51.4992282 -0.1758892
51.4992279 -0.1758882
51.4992269 -0.1758862
51.4992264 -0.1758845
51.4992253 -0.1758819
51.4992234 -0.1758794
51.4992223 -0.1758775
51.4992216 -0.1758752
51.4992211 -0.1758721
51.4992208 -0.1758676
51.4992203 -0.1758646
51.49922 -0.175862
51.4992197 -0.1758589
51.4992187 -0.175855
51.4992176 -0.1758511
51.4992167 -0.175845
51.4992164 -0.175842
51.4992161 -0.1758356
51.4992158 -0.1758321
51.4992154 -0.1758292
51.4992156 -0.1758258
51.4992156 -0.1758216
51.4992153 -0.1758189
51.4992141 -0.1758177
51.4992129 -0.1758151
51.4992131 -0.1758115
51.4992108 -0.1758036
51.49921 -0.1757985
51.4992099 -0.1757953
51.4992091 -0.1757916
51.4992087 -0.1757877
51.4992085 -0.1757835
51.4992084 -0.1757808
51.4992078 -0.175778
51.4992073 -0.1757759
51.4992071 -0.1757742
51.4992066 -0.1757732
51.4992067 -0.1757719
51.4992063 -0.1757702
51.4992056 -0.1757684
51.4992058 -0.1757664
51.4992062 -0.1757657
51.499206 -0.1757619
51.4992057 -0.1757579
51.4992051 -0.175757
51.4992046 -0.1757538
51.4992042 -0.1757511
51.4992036 -0.1757472
51.4992036 -0.1757422
51.4992038 -0.1757389
51.4992031 -0.1757364
51.4992029 -0.1757329
51.4992024 -0.1757298
51.4992022 -0.1757265
51.4992022 -0.1757233
51.4992016 -0.1757205
51.499201 -0.1757171
51.4992009 -0.175714
51.4992013 -0.1757109
51.4992015 -0.1757071
51.4992013 -0.1757027
51.4992007 -0.1756993
51.4992003 -0.1756956
51.4992003 -0.1756919
51.4992004 -0.175688
51.4992002 -0.1756851
51.4991998 -0.1756822
51.4991992 -0.1756792
51.4991987 -0.1756761
51.4991987 -0.1756723
51.4991984 -0.1756685
51.4991978 -0.1756642
51.4991973 -0.1756599
51.4991967 -0.1756564
51.499196 -0.1756535
51.4991955 -0.1756504
51.4991945 -0.1756473
51.4991934 -0.1756442
51.4991931 -0.1756414
51.4991931 -0.1756392
51.4991929 -0.1756365
51.4991919 -0.1756349
51.4991907 -0.1756347
51.4991897 -0.175634
51.4991879 -0.1756332
51.4991856 -0.1756328
51.499183 -0.1756324
51.4991809 -0.1756323
51.4991778 -0.175634
51.4991747 -0.1756347
51.4991732 -0.1756345
51.4991718 -0.1756349
51.4991699 -0.1756349
51.4991671 -0.1756342
51.4991648 -0.1756332
51.499163 -0.1756336
51.499161 -0.175634
51.4991588 -0.175635
51.4991567 -0.1756359
51.4991536 -0.1756383
51.4991503 -0.1756396
51.499147 -0.1756418
51.4991433 -0.1756433
51.4991403 -0.175644
51.4991362 -0.1756456
51.4991337 -0.1756479
51.4991307 -0.1756501
51.4991289 -0.1756522
51.4991274 -0.1756546
51.4991258 -0.175657
51.4991243 -0.17566
51.499123 -0.1756628
51.4991213 -0.1756652
51.4991185 -0.1756691
51.4991164 -0.1756727
51.4991143 -0.1756761
51.4991122 -0.1756798
51.4991093 -0.1756844
51.4991062 -0.1756897
51.4991031 -0.1756939
51.4991018 -0.1756956
51.4991004 -0.1756982
51.4990992 -0.1757002
51.499098 -0.1757029
51.499097 -0.1757037
51.4990958 -0.175704
51.4990931 -0.1757058
51.4990896 -0.1757092
51.4990876 -0.1757097
51.4990859 -0.1757092
51.4990845 -0.175708
51.4990826 -0.1757075
51.4990793 -0.1757097
51.4990765 -0.1757111
51.4990738 -0.1757108
51.4990722 -0.1757098
51.4990709 -0.1757079
51.4990686 -0.1757055
51.4990665 -0.1757025
51.4990648 -0.1757023
51.4990626 -0.1757037
51.4990613 -0.1757022
51.4990587 -0.1757016
51.4990555 -0.175701
51.4990505 -0.1757032
51.4990468 -0.1757061
51.4990439 -0.1757079
51.4990408 -0.1757105
51.4990381 -0.1757113
51.4990371 -0.1757108
51.4990358 -0.1757098
51.499035 -0.175709
51.499034 -0.1757082
51.4990315 -0.1757072
51.4990305 -0.1757049
51.499029 -0.1757018
51.4990258 -0.1757005
51.4990241 -0.1756998
51.4990231 -0.1756987
51.4990232 -0.1756973
51.4990219 -0.1756983
51.4990208 -0.1757011
51.4990182 -0.1757037
51.4990146 -0.1757084
51.499014 -0.1757103
51.4990139 -0.1757109
51.4990133 -0.1757105
51.4990127 -0.1757098
51.4990131 -0.1757087
51.4990143 -0.1757073
51.4990157 -0.1757054
51.4990166 -0.1757039
51.4990195 -0.1757035
51.4990226 -0.1757045
51.4990253 -0.1757058
51.4990272 -0.175704
51.4990287 -0.1757021
51.4990315 -0.1757008
51.4990363 -0.1756982
51.4990406 -0.1756944
51.4990431 -0.1756915
51.4990453 -0.1756906
51.4990485 -0.1756896
51.4990518 -0.1756881
51.4990552 -0.1756855
51.4990583 -0.1756809
51.499061 -0.1756776
51.4990647 -0.1756738
51.4990688 -0.17567
51.4990715 -0.1756667
51.4990742 -0.1756625
51.4990775 -0.1756569
51.4990802 -0.175652
51.4990834 -0.1756499
51.4990862 -0.1756502
51.4990882 -0.17565
51.4990902 -0.1756502
51.4990922 -0.1756509
51.499094 -0.1756516
51.4990955 -0.1756511
51.499098 -0.1756505
51.4991011 -0.1756499
51.4991039 -0.175646
51.4991062 -0.1756433
51.499108 -0.1756422
51.49911 -0.175643
51.4991119 -0.1756425
51.499114 -0.1756417
51.4991154 -0.1756408
51.4991167 -0.1756406
51.4991175 -0.1756406
51.4991191 -0.17564
51.499121 -0.1756393
51.4991236 -0.1756386
51.4991263 -0.1756355
51.4991288 -0.175633
51.4991308 -0.1756299
51.4991329 -0.1756268
51.4991355 -0.1756236
51.4991379 -0.1756193
51.4991402 -0.1756153
51.4991425 -0.1756093
51.4991452 -0.1756065
51.4991482 -0.1756043
51.4991511 -0.1756015
51.4991536 -0.1755986
51.4991559 -0.1755947
51.4991565 -0.1755944
51.4991567 -0.1755912
51.4991577 -0.1755882
51.4991589 -0.1755852
51.4991602 -0.1755829
51.4991616 -0.1755827
51.4991626 -0.1755795
51.4991639 -0.1755779
51.4991639 -0.1755745
51.499164 -0.1755704
51.4991642 -0.1755681
51.4991642 -0.1755654
51.499164 -0.1755625
51.499165 -0.1755603
51.4991665 -0.1755604
51.4991677 -0.1755609
51.4991687 -0.1755616
51.4991691 -0.1755618
51.4991701 -0.1755625
51.4991716 -0.1755615
51.4991732 -0.1755603
51.4991748 -0.1755584
51.4991767 -0.1755569
51.4991781 -0.1755561
51.499179 -0.1755567
51.4991797 -0.1755536
51.4991792 -0.1755513
51.4991796 -0.1755492
51.4991806 -0.1755516
51.4991809 -0.1755538
51.4991813 -0.1755617
51.4991827 -0.1755707
51.4991839 -0.1755805
51.4991847 -0.1755897
51.4991854 -0.1755979
51.4991869 -0.1756065
51.4991886 -0.1756177
51.4991889 -0.1756256
51.4991896 -0.1756331
51.49919 -0.175638
51.4991906 -0.1756435
51.4991921 -0.1756472
51.4991941 -0.1756583
51.4991968 -0.1756757
51.4991993 -0.1756962
51.4992001 -0.1757106
51.4992015 -0.1757224
51.4992031 -0.1757336
51.4992043 -0.1757431
51.499206 -0.175751
51.4992068 -0.1757548
51.4992076 -0.1757581
51.4992081 -0.175759
51.4992084 -0.175759
51.4992092 -0.1757599
51.49921 -0.1757604
51.4992095 -0.1757601
51.499209 -0.1757604
51.4992085 -0.1757599
51.4992086 -0.1757594
51.499209 -0.1757598
51.4992087 -0.1757631
51.4992085 -0.1757666
51.4992084 -0.1757696
51.4992083 -0.1757714
51.4992083 -0.1757726
51.4992079 -0.175774
51.4992078 -0.1757764
51.4992098 -0.1757804
51.4992151 -0.1757879
51.4992187 -0.1757939
51.499221 -0.1757971
51.4992225 -0.1758005
51.4992227 -0.1758037
51.4992238 -0.1758082
51.4992249 -0.1758123
51.4992256 -0.1758157
51.4992259 -0.1758189
51.4992261 -0.1758224
51.4992265 -0.1758246
51.4992272 -0.1758267
51.4992269 -0.1758286
51.4992267 -0.175831
51.4992267 -0.1758329
51.499227 -0.1758351
51.4992272 -0.1758372
51.4992272 -0.1758396
51.4992274 -0.175842
51.4992274 -0.1758443
51.4992276 -0.1758462
51.4992279 -0.1758485
51.4992281 -0.1758507
51.4992284 -0.1758523
51.4992286 -0.1758541
51.4992287 -0.1758559
51.4992288 -0.1758574
51.4992289 -0.1758587
51.4992289 -0.1758595
51.4992289 -0.1758602
51.499229 -0.1758608
51.499229 -0.175862
51.499229 -0.1758627
51.499229 -0.1758633
51.4992291 -0.1758641
51.499229 -0.1758653
51.499229 -0.1758666
51.4992291 -0.1758675
51.4992293 -0.1758681
51.4992295 -0.1758687
51.4992294 -0.1758693
51.4992293 -0.1758703
51.4992294 -0.1758713
51.4992298 -0.1758725
51.4992302 -0.1758735
51.4992304 -0.1758747
51.4992305 -0.1758762
51.4992307 -0.1758779
51.4992307 -0.1758796
51.4992306 -0.1758815
51.4992304 -0.1758837
51.4992302 -0.1758854
51.4992304 -0.1758868
51.4992308 -0.1758883
51.499231 -0.1758895
51.4992308 -0.1758912
51.4992306 -0.1758929
51.4992307 -0.1758941
51.4992309 -0.175895
51.4992311 -0.175896
51.4992311 -0.1758973
51.4992309 -0.1758988
51.4992309 -0.1758994
51.4992308 -0.1759004
51.4992309 -0.1759012
51.4992307 -0.1759022
51.4992305 -0.1759034
51.4992305 -0.1759042
51.4992303 -0.1759053
51.4992299 -0.1759065
51.4992296 -0.175908
51.4992294 -0.1759095
51.4992294 -0.1759106
51.4992295 -0.1759112
51.4992297 -0.175912
51.4992298 -0.1759131
51.4992299 -0.1759141
51.4992298 -0.1759152
51.49923 -0.1759167
51.4992292 -0.1759196
51.4992285 -0.1759225
51.4992266 -0.1759257
51.4992247 -0.1759292
51.4992239 -0.1759319
51.499223 -0.1759339
51.4992223 -0.1759357
51.4992213 -0.1759379
51.4992205 -0.1759398
51.4992201 -0.175942
51.4992193 -0.1759436
51.4992189 -0.1759453
51.4992184 -0.1759469
51.4992179 -0.175948
51.4992173 -0.1759489
51.4992167 -0.1759494
51.4992161 -0.17595
51.4992156 -0.17595
51.4992152 -0.1759499
51.499215 -0.1759494
51.4992149 -0.1759491
51.4992147 -0.1759488
51.4992149 -0.1759483
51.4992148 -0.1759477
51.499215 -0.1759475
51.4992152 -0.1759479
51.4992159 -0.1759473
51.4992159 -0.1759482
51.4992156 -0.1759494
51.4992146 -0.1759505
51.4992133 -0.175951
51.4992124 -0.1759507
51.4992115 -0.1759505
51.4992103 -0.1759503
51.4992092 -0.1759503
51.4992081 -0.1759505
51.4992073 -0.1759509
51.4992063 -0.1759514
51.4992052 -0.1759518
51.499205 -0.175952
51.4992048 -0.1759521
51.4992047 -0.1759523
51.4992046 -0.1759522
51.4992044 -0.1759521
51.4992046 -0.1759516
51.4992048 -0.1759511
51.4992046 -0.175951
51.4992044 -0.1759507
51.4992042 -0.1759504
51.499204 -0.1759504
51.4992038 -0.1759504
51.4992036 -0.1759504
51.4992033 -0.1759504
51.499203 -0.1759504
51.4992027 -0.1759504
51.4992025 -0.1759505
51.4992025 -0.1759505
51.4992022 -0.1759506
51.499202 -0.1759504
51.499202 -0.1759503
51.4992022 -0.1759503
51.4992021 -0.17595
51.4992019 -0.1759497
51.4992018 -0.1759493
51.4992017 -0.1759493
51.4992017 -0.1759495
51.4992018 -0.1759497
51.4992022 -0.1759498
51.4992022 -0.1759496
51.4992021 -0.1759497
51.4992021 -0.1759497
51.4992021 -0.1759499
51.4992019 -0.17595
51.499202 -0.1759501
51.4992019 -0.1759504
51.4992019 -0.1759506
51.4992018 -0.1759505
51.4992017 -0.1759505
51.4992017 -0.1759506
51.4992018 -0.1759507
51.4992017 -0.1759506
51.4992017 -0.1759506
51.4992017 -0.1759506
51.4992016 -0.1759506
51.4992016 -0.1759508
51.4992015 -0.175951
51.4992013 -0.1759509
51.499201 -0.1759508
51.4992006 -0.1759509
51.4992004 -0.175951
51.4992002 -0.1759512
51.4992 -0.1759511
51.4992 -0.1759512
51.4991998 -0.1759512
51.4991997 -0.1759514
51.4991995 -0.1759517
51.499199 -0.1759519
51.4991985 -0.1759519
51.4991979 -0.175952
51.4991973 -0.1759522
51.4991966 -0.1759526
51.4991959 -0.1759527
51.4991954 -0.1759528
51.499195 -0.1759532
51.4991946 -0.1759535
51.4991939 -0.1759537
51.4991933 -0.1759542
51.4991929 -0.1759546
51.4991922 -0.1759551
51.4991915 -0.1759556
51.4991908 -0.1759558
51.4991901 -0.1759559
51.4991893 -0.1759568
51.4991886 -0.1759574
51.499188 -0.1759578
51.4991872 -0.1759584
51.4991861 -0.1759591
51.4991853 -0.1759596
51.4991847 -0.1759601
51.4991842 -0.1759606
51.4991837 -0.1759612
51.4991833 -0.1759617
51.4991829 -0.1759622
51.4991824 -0.1759625
51.4991819 -0.175963
51.4991814 -0.1759636
51.499181 -0.1759642
