51.4984369 -0.1774292
51.4984366 -0.177429
51.4984364 -0.1774289
51.4984361 -0.1774287
51.4984358 -0.1774285
51.4984354 -0.1774284
51.4984353 -0.1774276
51.498435 -0.1774266
51.4984347 -0.1774261
51.4984345 -0.1774258
51.4984342 -0.1774259
51.498434 -0.177426
51.4984342 -0.1774259
51.4984341 -0.1774255
51.498434 -0.1774252
51.4984335 -0.1774259
51.4984329 -0.1774268
51.4984317 -0.1774291
51.4984307 -0.1774313
51.4984302 -0.1774323
51.4984297 -0.177432
51.4984297 -0.1774316
51.4984271 -0.1774368
51.4984265 -0.1774357
51.4984261 -0.1774349
51.4984227 -0.1774421
51.4984219 -0.1774437
51.4984186 -0.1774514
51.4984153 -0.1774591
51.4984118 -0.1774656
51.4984102 -0.1774695
51.4984098 -0.1774715
51.4984101 -0.1774734
51.4984105 -0.1774739
51.4984111 -0.1774737
51.4984115 -0.1774734
51.498412 -0.1774732
51.4984123 -0.1774729
51.4984128 -0.1774725
51.4984134 -0.1774722
51.498414 -0.1774716
51.4984143 -0.1774713
51.4984134 -0.1774719
51.4984133 -0.1774704
51.4984135 -0.1774702
51.498413 -0.1774705
51.4984127 -0.1774714
51.4984123 -0.1774719
51.4984123 -0.1774735
51.4984122 -0.1774751
51.4984121 -0.1774766
51.4984115 -0.1774779
51.4984108 -0.1774789
51.4984093 -0.1774831
51.4984078 -0.1774874
51.4984062 -0.1774916
51.4984056 -0.1774943
51.4984043 -0.1774983
51.4984028 -0.1775018
51.4984026 -0.1775019
51.4984026 -0.177502
51.4984025 -0.1775023
51.4984026 -0.1775026
51.4984031 -0.1775023
51.4984039 -0.1775018
51.4984047 -0.1775012
51.4984057 -0.1775003
51.4984065 -0.1774994
51.4984073 -0.1774986
51.4984074 -0.1774975
51.4984074 -0.1774959
51.4984074 -0.1774944
51.4984079 -0.1774927
51.498408 -0.1774916
51.4984082 -0.1774905
51.4984085 -0.1774891
51.4984086 -0.1774875
51.4984072 -0.1774878
51.4984055 -0.1774886
51.4984043 -0.1774893
51.498404 -0.1774887
51.4984032 -0.1774884
51.4984026 -0.1774883
51.4984021 -0.1774883
51.4984017 -0.1774883
51.4984012 -0.1774883
51.4984011 -0.1774879
51.4984009 -0.1774883
51.4984009 -0.177489
51.498401 -0.177489
51.498401 -0.1774891
51.4984009 -0.1774887
51.4984009 -0.1774885
51.4984003 -0.1774889
51.4984 -0.1774893
51.4983997 -0.1774893
51.4983991 -0.17749
51.4983987 -0.1774901
51.4983975 -0.1774904
51.4983966 -0.1774894
51.4983957 -0.1774897
51.4983945 -0.1774903
51.4983942 -0.1774906
51.4983932 -0.1774901
51.4983934 -0.1774898
51.4983932 -0.1774903
51.4983931 -0.1774902
51.4983935 -0.1774902
51.4983938 -0.1774901
51.4983941 -0.1774904
51.4983943 -0.1774907
51.498394 -0.1774911
51.4983935 -0.1774917
51.4983932 -0.177492
51.498393 -0.1774919
51.4983932 -0.1774915
51.4983935 -0.1774912
51.4983942 -0.1774905
51.4983948 -0.1774898
51.4983953 -0.1774888
51.4983957 -0.1774881
51.4983961 -0.1774874
51.4983967 -0.1774867
51.4983972 -0.1774862
51.4983976 -0.1774862
51.4983981 -0.1774862
51.4983986 -0.1774865
51.4983991 -0.1774869
51.4983994 -0.1774879
51.4983996 -0.1774888
51.4984 -0.1774887
51.4984001 -0.177488
51.4983998 -0.1774877
51.4983997 -0.1774877
51.4983995 -0.1774875
51.4983991 -0.177488
51.4983986 -0.1774891
51.4983985 -0.1774893
51.4983985 -0.1774887
51.4983982 -0.1774883
51.4983975 -0.1774884
51.4983964 -0.1774886
51.4983951 -0.1774888
51.4983943 -0.1774889
51.4983943 -0.1774887
51.4983946 -0.1774882
51.4983947 -0.1774879
51.4983946 -0.1774871
51.4983945 -0.1774872
51.4983949 -0.1774874
51.4983953 -0.1774877
51.4983954 -0.177488
51.4983957 -0.1774878
51.4983958 -0.1774873
51.4983958 -0.1774866
51.4983955 -0.1774862
51.4983949 -0.1774854
51.4983941 -0.1774846
51.4983933 -0.1774842
51.4983852 -0.1774911
51.4983771 -0.1774971
51.4983687 -0.1775032
51.4983578 -0.177513
51.4983472 -0.1775223
51.4983402 -0.1775269
51.4983337 -0.1775321
51.4983248 -0.1775403
51.4983156 -0.1775493
51.498307 -0.1775579
51.4982987 -0.1775655
51.4982934 -0.1775696
51.4982902 -0.1775709
51.498287 -0.1775726
51.4982838 -0.1775742
51.4982813 -0.1775749
51.4982792 -0.1775747
51.4982769 -0.1775747
51.4982741 -0.1775752
51.4982712 -0.177576
51.4982665 -0.1775785
51.4982628 -0.1775794
51.4982602 -0.1775788
51.4982576 -0.1775781
51.4982553 -0.1775775
51.4982529 -0.1775768
51.4982503 -0.1775754
51.4982479 -0.1775742
51.4982459 -0.1775728
51.4982442 -0.1775706
51.4982426 -0.1775687
51.4982413 -0.1775666
51.498239 -0.1775651
51.4982372 -0.1775634
51.4982355 -0.177562
51.4982336 -0.1775613
51.4982312 -0.1775614
51.4982291 -0.1775613
51.4982275 -0.1775608
51.4982262 -0.1775594
51.498225 -0.1775575
51.4982244 -0.1775557
51.4982239 -0.1775541
51.4982238 -0.1775513
51.4982238 -0.1775488
51.4982233 -0.177547
51.4982228 -0.1775447
51.498222 -0.177543
51.4982213 -0.1775411
51.4982207 -0.1775392
51.4982201 -0.1775382
51.4982193 -0.1775372
51.4982192 -0.1775348
51.4982186 -0.1775335
51.4982181 -0.1775321
51.4982177 -0.1775309
51.4982174 -0.1775299
51.4982174 -0.1775286
51.4982176 -0.1775277
51.4982175 -0.1775277
51.4982174 -0.1775279
51.4982175 -0.1775272
51.4982178 -0.1775265
51.4982179 -0.1775266
51.4982179 -0.177527
51.498218 -0.1775273
51.498218 -0.1775277
51.4982182 -0.1775275
51.4982182 -0.1775275
51.4982183 -0.177527
51.4982183 -0.1775271
51.4982182 -0.1775279
51.4982179 -0.1775287
51.4982176 -0.1775293
51.4982173 -0.1775294
51.4982175 -0.1775286
51.498218 -0.177528
51.4982179 -0.1775288
51.4982179 -0.1775295
51.4982181 -0.1775301
51.4982182 -0.1775309
51.4982176 -0.1775325
51.4982171 -0.177534
51.4982174 -0.1775342
51.4982178 -0.1775343
51.4982182 -0.1775345
51.4982186 -0.1775345
51.4982188 -0.1775351
51.4982191 -0.1775353
51.4982187 -0.1775359
51.4982186 -0.1775362
51.4982189 -0.1775359
51.4982191 -0.1775358
51.4982196 -0.1775354
51.49822 -0.1775351
51.4982208 -0.1775341
51.4982213 -0.1775334
51.4982214 -0.177533
51.4982215 -0.1775327
51.4982216 -0.1775325
51.4982218 -0.1775317
51.4982221 -0.1775312
51.4982227 -0.1775304
51.4982232 -0.1775298
51.4982244 -0.1775285
51.4982253 -0.1775276
51.498226 -0.1775268
51.4982266 -0.1775262
51.4982269 -0.1775258
51.498227 -0.1775254
51.4982268 -0.1775256
51.4982268 -0.1775258
51.4982275 -0.1775252
51.4982282 -0.1775249
51.4982291 -0.1775244
51.4982297 -0.1775248
51.49823 -0.1775257
51.4982301 -0.1775263
51.49823 -0.1775268
51.49823 -0.1775269
51.4982301 -0.1775267
51.4982304 -0.1775266
51.4982311 -0.1775256
51.4982314 -0.1775252
51.498232 -0.177524
51.4982322 -0.1775239
51.4982325 -0.1775237
51.4982327 -0.1775236
51.4982337 -0.1775218
51.4982341 -0.1775213
51.4982342 -0.1775214
51.4982345 -0.177521
51.4982344 -0.1775215
51.4982347 -0.1775213
51.498235 -0.1775213
51.4982352 -0.1775213
51.4982355 -0.1775207
51.498236 -0.1775194
51.4982364 -0.1775184
51.4982367 -0.1775173
51.4982368 -0.177517
51.4982369 -0.1775169
51.498237 -0.1775163
51.4982368 -0.1775161
51.4982368 -0.1775154
51.4982368 -0.1775146
51.498237 -0.1775138
51.498237 -0.1775135
51.4982371 -0.1775131
51.4982374 -0.1775126
51.4982376 -0.1775129
51.4982378 -0.1775131
51.4982381 -0.1775129
51.4982383 -0.1775126
51.4982387 -0.177512
51.498239 -0.1775107
51.4982393 -0.1775097
51.4982395 -0.1775085
51.4982389 -0.1775087
51.4982386 -0.1775083
51.4982384 -0.1775079
51.498238 -0.1775074
51.4982377 -0.1775067
51.4982374 -0.1775059
51.4982371 -0.1775056
51.4982367 -0.1775055
51.4982364 -0.1775054
51.4982357 -0.177506
51.4982351 -0.1775062
51.4982347 -0.1775063
51.4982334 -0.177508
51.498233 -0.1775079
51.4982327 -0.177508
51.4982323 -0.1775079
51.4982319 -0.1775078
51.4982314 -0.1775077
51.4982312 -0.1775071
51.4982309 -0.1775071
51.4982305 -0.1775071
51.4982307 -0.1775058
51.4982302 -0.177506
51.4982303 -0.1775055
51.4982303 -0.1775048
51.49823 -0.1775045
51.4982297 -0.1775044
51.4982289 -0.1775073
51.4982277 -0.1775118
51.4982267 -0.1775158
51.4982259 -0.1775173
51.4982252 -0.1775176
51.4982247 -0.1775178
51.4982239 -0.1775184
51.4982234 -0.177519
51.4982231 -0.1775188
51.4982229 -0.1775186
51.4982233 -0.1775173
51.498224 -0.177516
51.4982239 -0.1775191
51.498224 -0.1775201
51.498224 -0.1775209
51.4982241 -0.1775215
51.4982243 -0.1775218
51.4982245 -0.1775217
51.4982244 -0.1775221
51.498224 -0.1775242
51.4982238 -0.1775263
51.4982237 -0.1775281
51.4982235 -0.1775301
51.4982235 -0.1775316
51.4982233 -0.1775332
51.4982236 -0.1775329
51.4982242 -0.1775319
51.4982246 -0.1775317
51.498225 -0.1775315
51.4982254 -0.1775309
51.4982267 -0.1775295
51.498228 -0.1775273
51.4982295 -0.177525
51.4982309 -0.1775227
51.4982319 -0.177522
51.4982327 -0.1775219
51.4982336 -0.1775218
51.4982343 -0.1775219
51.4982352 -0.1775235
51.4982362 -0.1775235
51.4982369 -0.1775237
51.4982375 -0.1775244
51.4982379 -0.1775264
51.4982382 -0.177527
51.4982386 -0.1775269
51.4982392 -0.1775268
51.4982399 -0.1775268
51.4982406 -0.1775267
51.4982413 -0.1775267
51.4982419 -0.1775267
51.4982423 -0.1775266
51.498243 -0.1775267
51.498244 -0.1775268
51.4982448 -0.177527
51.4982455 -0.1775272
51.4982462 -0.177529
51.498247 -0.1775308
51.4982476 -0.1775317
51.4982484 -0.1775325
51.4982492 -0.1775331
51.4982501 -0.1775342
51.4982505 -0.1775345
51.4982516 -0.1775338
51.4982521 -0.1775341
51.4982525 -0.1775344
51.4982532 -0.1775345
51.4982537 -0.177535
51.4982545 -0.1775348
51.4982551 -0.1775349
51.4982556 -0.1775357
51.4982562 -0.1775364
51.4982571 -0.1775373
51.4982579 -0.1775382
51.4982584 -0.1775389
51.4982591 -0.1775392
51.4982597 -0.1775396
51.4982602 -0.1775397
51.4982607 -0.1775397
51.4982616 -0.1775389
51.4982628 -0.1775383
51.4982641 -0.1775376
51.4982651 -0.1775371
51.4982664 -0.1775361
51.4982674 -0.1775355
51.4982698 -0.177534
51.4982717 -0.1775328
51.4982739 -0.1775314
51.4982754 -0.1775306
51.4982771 -0.1775303
51.4982784 -0.1775305
51.4982798 -0.1775307
51.4982812 -0.1775312
51.4982823 -0.1775316
51.4982835 -0.177532
51.4982847 -0.1775324
51.4982859 -0.1775331
51.4982875 -0.1775336
51.4982885 -0.1775342
51.498289 -0.1775347
51.4982905 -0.177535
51.4982909 -0.1775357
51.4982924 -0.1775361
51.4982939 -0.1775368
51.4982954 -0.1775373
51.4982973 -0.1775376
51.4982981 -0.1775389
51.4982991 -0.1775395
51.4983011 -0.1775399
51.4983023 -0.1775406
51.4983036 -0.1775413
51.4983041 -0.177542
51.4983049 -0.1775427
51.4983062 -0.1775438
51.4983076 -0.1775449
51.4983091 -0.1775461
51.498311 -0.1775469
51.4983126 -0.1775474
51.4983151 -0.1775477
51.4983166 -0.1775481
51.4983191 -0.1775474
51.4983208 -0.1775477
51.4983219 -0.177548
51.4983233 -0.177548
51.4983252 -0.1775481
51.4983257 -0.1775486
51.4983268 -0.1775492
51.498328 -0.1775498
51.4983288 -0.1775502
51.4983297 -0.1775504
51.4983311 -0.1775508
51.4983325 -0.1775514
51.4983342 -0.1775522
51.4983369 -0.1775533
51.4983393 -0.1775542
51.4983407 -0.1775548
51.4983422 -0.1775555
51.4983438 -0.1775558
51.4983447 -0.1775557
51.4983457 -0.1775555
51.4983469 -0.1775553
51.4983482 -0.1775549
51.4983495 -0.1775545
51.4983507 -0.1775539
51.4983516 -0.1775536
51.4983525 -0.1775528
51.4983543 -0.1775512
51.4983556 -0.1775503
51.4983565 -0.1775496
51.4983576 -0.1775492
51.498359 -0.177549
51.498361 -0.1775485
51.498362 -0.177548
51.4983629 -0.1775476
51.4983652 -0.1775474
51.4983682 -0.1775471
51.4983705 -0.1775469
51.4983712 -0.1775466
51.4983719 -0.1775462
51.4983723 -0.1775458
51.4983733 -0.1775455
51.4983739 -0.1775452
51.4983754 -0.1775456
51.4983763 -0.1775455
51.4983764 -0.177545
51.4983754 -0.1775446
51.4983751 -0.1775439
51.4983746 -0.1775435
51.4983747 -0.177543
51.4983742 -0.1775421
51.4983759 -0.1775419
51.4983766 -0.1775412
51.4983772 -0.1775413
51.498378 -0.1775418
51.4983798 -0.1775417
51.4983802 -0.1775408
51.4983808 -0.1775398
51.498383 -0.17754
51.4983843 -0.1775395
51.4983851 -0.1775382
51.4983855 -0.1775367
51.4983858 -0.177535
51.498386 -0.1775331
51.4983861 -0.1775313
51.4983867 -0.1775293
51.498387 -0.1775274
51.4983876 -0.1775254
51.4983885 -0.1775235
51.4983881 -0.1775207
51.4983874 -0.1775178
51.4983856 -0.1775144
51.4983841 -0.1775115
51.4983826 -0.177508
51.4983829 -0.1775061
51.4983826 -0.1775038
51.4983825 -0.1775014
51.4983832 -0.1774999
51.4983835 -0.1774979
51.4983841 -0.1774963
51.4983842 -0.1774942
51.4983844 -0.1774919
51.4983843 -0.1774895
51.4983841 -0.1774871
51.4983839 -0.1774847
51.4983837 -0.177482
51.4983839 -0.1774803
51.4983838 -0.1774786
51.4983833 -0.1774767
51.4983833 -0.1774753
51.4983829 -0.1774735
51.4983823 -0.1774718
51.498382 -0.1774701
51.4983817 -0.1774686
51.4983808 -0.1774672
51.4983799 -0.1774652
51.4983792 -0.1774635
51.4983786 -0.1774619
51.4983777 -0.1774602
51.4983765 -0.1774586
51.4983759 -0.177457
51.498375 -0.1774555
51.498374 -0.1774543
51.4983729 -0.1774529
51.4983722 -0.1774524
51.4983712 -0.1774517
51.49837 -0.1774502
51.498369 -0.1774485
51.4983684 -0.1774466
51.498368 -0.1774452
51.4983675 -0.177444
51.4983666 -0.1774422
51.4983657 -0.1774406
51.4983652 -0.1774391
51.4983647 -0.1774376
51.4983639 -0.1774362
51.4983631 -0.1774346
51.4983621 -0.177433
51.4983612 -0.1774319
51.4983605 -0.1774307
51.4983596 -0.1774293
51.4983586 -0.1774281
51.4983575 -0.1774266
51.4983565 -0.1774248
51.4983555 -0.1774234
51.4983546 -0.1774223
51.4983535 -0.1774209
51.4983525 -0.1774197
51.4983514 -0.1774185
51.4983502 -0.1774173
51.498349 -0.177416
51.4983477 -0.1774147
51.4983468 -0.177414
51.4983458 -0.1774133
51.4983447 -0.1774122
51.4983436 -0.177411
51.4983424 -0.1774093
51.4983412 -0.177408
51.4983402 -0.1774075
51.4983393 -0.1774072
51.4983385 -0.1774068
51.4983377 -0.1774068
51.4983371 -0.1774075
51.4983365 -0.1774086
51.4983358 -0.1774089
51.4983348 -0.1774086
51.4983338 -0.1774081
51.498333 -0.1774081
51.4983318 -0.177408
51.4983306 -0.1774083
51.4983296 -0.1774087
51.4983287 -0.1774095
51.498328 -0.1774101
51.4983273 -0.1774112
51.4983259 -0.1774115
51.4983246 -0.1774116
51.4983233 -0.1774113
51.4983217 -0.1774114
51.4983199 -0.1774121
51.4983183 -0.177413
51.498317 -0.1774136
51.4983155 -0.1774137
51.4983138 -0.177414
51.4983125 -0.1774146
51.4983113 -0.177415
51.4983098 -0.1774162
51.4983088 -0.1774166
51.4983077 -0.1774173
51.4983068 -0.1774177
51.4983056 -0.1774184
51.4983041 -0.1774197
51.4983029 -0.1774205
51.4983015 -0.1774213
51.4983001 -0.177422
51.4982988 -0.1774232
51.4982976 -0.177424
51.4982964 -0.1774254
51.498295 -0.1774268
51.4982935 -0.1774281
51.4982924 -0.1774291
51.4982912 -0.1774303
51.4982902 -0.177431
51.4982892 -0.1774318
51.4982882 -0.1774332
51.498287 -0.1774347
51.4982857 -0.1774362
51.4982845 -0.1774377
51.4982836 -0.1774393
51.4982828 -0.1774405
51.4982818 -0.1774422
51.4982808 -0.1774444
51.4982796 -0.177446
51.4982783 -0.1774484
51.4982773 -0.1774505
51.4982761 -0.1774535
51.4982751 -0.1774556
51.4982741 -0.1774578
51.4982733 -0.1774603
51.4982726 -0.177462
51.4982719 -0.1774635
51.4982713 -0.1774652
51.4982705 -0.177467
51.4982698 -0.1774692
51.4982693 -0.1774711
51.498269 -0.1774729
51.4982687 -0.177475
51.4982684 -0.1774768
51.4982679 -0.1774788
51.4982677 -0.1774809
51.4982675 -0.1774833
51.498268 -0.177488
51.4982679 -0.177491
51.4982673 -0.1774933
51.4982673 -0.1774961
51.4982679 -0.1774977
51.4982683 -0.1774993
51.4982686 -0.1775012
51.4982687 -0.1775026
51.4982692 -0.1775048
51.4982708 -0.1775075
51.498272 -0.1775102
51.4982723 -0.1775121
51.498273 -0.1775127
51.498274 -0.1775143
51.4982743 -0.177516
51.4982752 -0.1775181
51.4982758 -0.1775188
51.4982764 -0.1775193
51.4982765 -0.1775203
51.498277 -0.1775214
51.4982775 -0.1775222
51.4982792 -0.1775245
51.4982804 -0.1775267
51.4982818 -0.1775288
51.4982824 -0.1775298
51.4982842 -0.1775316
51.4982845 -0.1775324
51.4982848 -0.1775326
51.4982851 -0.1775336
51.498285 -0.1775343
51.498285 -0.1775342
51.498285 -0.1775337
51.4982849 -0.1775332
51.4982849 -0.1775327
51.4982846 -0.1775323
51.4982848 -0.1775321
51.498285 -0.1775322
51.4982852 -0.1775324
51.4982852 -0.1775325
51.4982853 -0.1775332
51.4982854 -0.177534
51.4982862 -0.1775346
51.4982865 -0.1775355
51.498287 -0.1775363
51.4982876 -0.1775375
51.4982884 -0.1775387
51.4982889 -0.1775396
51.4982895 -0.1775402
51.4982906 -0.1775413
51.4982915 -0.1775426
51.4982924 -0.1775439
51.4982941 -0.1775446
51.4982956 -0.1775457
51.4982966 -0.1775467
51.4982977 -0.1775474
51.4982984 -0.1775485
51.4982994 -0.1775494
51.4983015 -0.1775498
51.4983035 -0.1775494
51.498306 -0.1775489
51.4983079 -0.1775493
51.4983097 -0.17755
51.4983118 -0.1775501
51.4983134 -0.17755
51.4983153 -0.1775499
51.4983172 -0.1775498
51.4983187 -0.1775496
51.4983206 -0.1775496
51.4983226 -0.1775497
51.4983238 -0.1775499
51.4983268 -0.1775503
51.4983286 -0.1775505
51.49833 -0.1775503
51.4983318 -0.1775501
51.4983333 -0.17755
51.4983351 -0.1775496
51.4983367 -0.1775491
51.4983385 -0.1775482
51.4983397 -0.1775476
51.4983411 -0.1775463
51.4983425 -0.1775455
51.4983455 -0.1775451
51.4983473 -0.177544
51.4983488 -0.177543
51.4983505 -0.1775421
51.4983521 -0.1775412
51.4983535 -0.1775399
51.4983548 -0.1775386
51.4983566 -0.1775376
51.4983576 -0.1775367
51.4983593 -0.1775356
51.4983595 -0.1775339
51.4983599 -0.1775326
51.4983592 -0.1775314
51.4983597 -0.1775304
51.4983607 -0.1775296
51.4983615 -0.1775288
51.4983628 -0.1775271
51.4983635 -0.1775253
51.4983642 -0.1775231
51.4983648 -0.177521
51.4983655 -0.177519
51.4983651 -0.1775165
51.4983652 -0.1775143
51.4983653 -0.1775123
51.4983663 -0.1775108
51.4983675 -0.1775094
51.4983681 -0.1775083
51.4983693 -0.1775067
51.4983701 -0.1775055
51.4983708 -0.1775044
51.4983715 -0.1775022
51.4983722 -0.1775005
51.4983728 -0.1774991
51.4983736 -0.1774973
51.4983745 -0.177496
51.4983757 -0.1774944
51.4983765 -0.1774925
51.498377 -0.1774907
51.4983788 -0.1774888
51.4983797 -0.1774872
51.49838 -0.1774851
51.4983806 -0.1774833
51.4983804 -0.1774812
51.4983803 -0.1774791
51.4983804 -0.1774771
51.4983803 -0.1774748
51.49838 -0.1774723
51.4983803 -0.1774706
51.4983801 -0.1774688
51.4983792 -0.1774671
51.4983784 -0.1774654
51.4983778 -0.1774637
51.4983767 -0.1774619
51.4983765 -0.1774607
51.4983762 -0.1774594
51.4983757 -0.1774579
51.4983747 -0.1774564
51.4983732 -0.1774549
51.4983719 -0.177453
51.4983706 -0.1774512
51.4983695 -0.1774494
51.498368 -0.1774472
51.4983668 -0.1774451
51.4983656 -0.1774433
51.4983643 -0.1774419
51.498363 -0.1774409
51.4983615 -0.1774397
51.4983599 -0.1774387
51.4983588 -0.1774374
51.4983575 -0.1774361
51.4983562 -0.1774348
51.4983554 -0.1774335
51.4983545 -0.1774324
51.4983531 -0.1774311
51.4983517 -0.1774298
51.4983506 -0.1774281
51.4983494 -0.1774264
51.4983485 -0.1774249
51.4983477 -0.1774232
51.4983467 -0.1774216
51.4983459 -0.1774201
51.4983451 -0.1774187
51.4983441 -0.1774173
51.4983431 -0.1774157
51.4983421 -0.1774144
51.4983413 -0.177413
51.49834 -0.1774118
51.4983387 -0.1774109
51.4983375 -0.17741
51.4983363 -0.177409
51.4983348 -0.1774076
51.4983332 -0.1774062
51.4983318 -0.1774046
51.4983305 -0.1774042
51.4983291 -0.1774042
51.4983279 -0.1774046
51.4983266 -0.1774049
51.4983256 -0.1774053
51.4983245 -0.1774052
51.4983233 -0.1774057
51.4983219 -0.1774062
51.4983205 -0.1774063
51.4983193 -0.1774064
51.4983181 -0.1774072
51.4983168 -0.1774079
51.4983153 -0.1774085
51.4983139 -0.1774093
51.4983125 -0.1774097
51.4983107 -0.1774105
51.4983085 -0.1774128
51.4983078 -0.1774136
51.4983066 -0.1774147
51.4983054 -0.1774157
51.4983048 -0.1774158
51.4983039 -0.177416
51.4983036 -0.1774158
51.4983035 -0.1774158
51.4983035 -0.177416
51.4983036 -0.177416
51.4983039 -0.1774156
51.4983043 -0.1774152
51.4983041 -0.1774154
51.4983037 -0.1774159
51.4983035 -0.1774165
51.4983031 -0.1774173
51.4983029 -0.177418
51.4983025 -0.177419
51.4983022 -0.1774199
51.498302 -0.1774207
51.4983016 -0.1774219
51.4983012 -0.1774232
51.4983012 -0.1774237
51.498301 -0.1774241
51.498301 -0.1774243
51.4983009 -0.1774244
51.4983006 -0.1774246
51.4983004 -0.1774245
51.4983003 -0.1774245
51.4983 -0.1774246
51.4982998 -0.1774244
51.4982996 -0.1774239
51.4982994 -0.1774232
51.4982992 -0.1774226
51.4982993 -0.1774221
51.4983 -0.1774215
51.4983008 -0.1774212
51.4983022 -0.1774201
51.4983043 -0.1774191
51.4983065 -0.1774185
51.4983084 -0.1774185
51.4983107 -0.1774191
51.4983131 -0.1774206
51.4983151 -0.1774222
51.4983172 -0.1774241
51.4983198 -0.1774266
51.4983226 -0.177429
51.4983258 -0.1774313
51.4983293 -0.1774334
51.4983327 -0.1774353
51.4983358 -0.1774371
51.4983396 -0.177439
51.4983432 -0.1774402
51.4983466 -0.177441
51.4983498 -0.1774416
51.4983522 -0.177444
51.4983558 -0.1774438
51.4983593 -0.1774436
51.4983623 -0.1774435
51.4983658 -0.1774447
51.4983694 -0.1774442
51.4983726 -0.1774435
51.4983757 -0.1774434
51.4983787 -0.1774434
51.498382 -0.1774422
51.4983847 -0.1774413
51.4983866 -0.1774406
51.4983896 -0.1774394
51.4983927 -0.1774386
51.4983963 -0.1774379
51.4983987 -0.1774369
51.4984013 -0.1774356
51.4984041 -0.1774347
51.4984061 -0.1774384
51.4984086 -0.1774428
51.4984106 -0.177445
51.4984128 -0.177445
51.4984151 -0.1774444
51.498418 -0.1774439
51.4984206 -0.1774436
51.4984221 -0.1774514
51.4984237 -0.1774589
51.4984253 -0.1774599
51.4984276 -0.1774606
51.4984289 -0.1774614
51.4984291 -0.1774648
51.4984296 -0.1774666
51.4984299 -0.1774674
51.4984302 -0.1774682
51.4984305 -0.1774692
51.4984307 -0.1774699
51.498431 -0.1774703
51.4984313 -0.1774708
51.4984314 -0.1774715
51.4984316 -0.1774721
51.4984313 -0.177473
51.4984312 -0.1774738
51.4984314 -0.1774746
51.4984315 -0.1774747
51.4984316 -0.1774747
51.4984316 -0.1774745
51.4984316 -0.1774743
51.4984317 -0.1774739
51.4984315 -0.1774735
51.4984312 -0.1774738
51.4984309 -0.1774742
51.4984306 -0.1774738
51.4984303 -0.1774733
51.4984299 -0.1774732
51.4984296 -0.1774736
51.4984291 -0.177474
51.4984284 -0.1774743
51.4984278 -0.1774746
51.4984273 -0.1774749
51.4984269 -0.1774753
51.4984264 -0.1774756
51.4984261 -0.1774759
51.4984257 -0.1774762
51.4984251 -0.1774765
51.4984244 -0.1774768
51.4984239 -0.1774772
51.4984234 -0.1774775
