0.3397147051 0.5974544175 -3.717210151e-08
0.3466589974 0.5752028573 -3.577869861e-08
0.3466589997 0.5418255157 -3.153726397e-08
0.3397147103 0.5195739544 -2.921331022e-08
0.3605475846 0.4973223955 -3.005962568e-08
0.381380459 0.4750708362 -3.061640222e-08
0.3883247508 0.4639450572 -2.72415302e-08
0.4022133336 0.4528192764 -2.957500886e-08
0.4091576237 0.463945059 -2.863810525e-08
0.4022133345 0.4416934964 -2.777216337e-08
0.4022133354 0.4305677165 -2.727794879e-08
0.4022133354 0.4305677165 -2.727794879e-08
0.4161019174 0.4305677177 -2.820918002e-08
0.4299905003 0.419441939 -2.86463159e-08
0.4091576282 0.4083161569 -2.515667255e-08
0.4022133371 0.4083161563 -2.469099911e-08
0.4022133371 0.4083161563 -2.469099911e-08
0.3883247525 0.4416934952 -2.684099526e-08
0.3813804598 0.463945057 -2.706588659e-08
0.3883247491 0.4861966182 -3.040838184e-08
0.3883247491 0.4861966182 -3.040838184e-08
0.3883247482 0.4973223974 -3.16315007e-08
0.3883247482 0.4973223974 -3.16315007e-08
0.4022133301 0.4973223986 -3.256237427e-08
0.4091576201 0.50844818 -3.308304777e-08
0.4230462019 0.5084481812 -3.401387222e-08
0.4091576201 0.50844818 -3.308304777e-08
0.3952690383 0.5084481792 -3.244211647e-08
0.4022133301 0.4973223986 -3.256237427e-08
0.3952690392 0.497322398 -3.209693222e-08
0.3952690383 0.5084481792 -3.244211647e-08
0.3952690357 0.5418255195 -3.45046306e-08
0.3883247431 0.5640770795 -3.691627681e-08
0.3952690331 0.5752028606 -3.84555619e-08
0.3952690322 0.5863286409 -3.923969766e-08
0.3952690314 0.5974544218 -4.060361619e-08
0.3952690314 0.5974544218 -4.060361619e-08
0.3813804498 0.5974544206 -3.967326506e-08
0.3674918682 0.5974544195 -3.874291404e-08
0.3536032859 0.6085801985 -3.859687397e-08
0.3397147029 0.630831758 -4.054394787e-08
0.3188818286 0.664209098 -4.237173873e-08
0.2980489558 0.6753348775 -4.263095654e-08
0.2772160832 0.6864606567 -4.260045999e-08
0.2563832101 0.7087122159 -4.437360501e-08
0.2494389195 0.7087122157 -4.419861016e-08
0.2424946283 0.7198379951 -4.553724442e-08
0.2286060471 0.7198379947 -4.518731783e-08
0.2147174663 0.7087122142 -4.303376028e-08
0.1938845953 0.6864606526 -3.934029336e-08
0.1591631427 0.6642090907 -3.660488562e-08
0.1244416895 0.6530833097 -3.523396092e-08
0.1036088174 0.6530833091 -3.470855209e-08
0.08972023594 0.653083309 -3.464816445e-08
0.07583165452 0.6530833089 -3.458777675e-08
0.06888736397 0.6419575283 -3.231850387e-08
0.05499878252 0.6419575283 -3.225806011e-08
0.0480544918 0.6419575284 -3.237278656e-08
0.03416591043 0.6308317468 -3.167574714e-08
0.02027732895 0.6308317467 -3.161524376e-08
0.01333303824 0.6197059669 -2.99254555e-08
-0.0005555432627 0.5974544063 -2.829328627e-08
-0.02833270652 0.575202845 -2.602030486e-08
-0.06305416086 0.5529512859 -2.429206586e-08
-0.07694274306 0.519573944 -2.100309737e-08
-0.09083132523 0.4973223837 -2.067826857e-08
-0.111664198 0.4973223841 -2.102130123e-08
-0.1116641982 0.4861966048 -1.979607486e-08
-0.1324970713 0.4750708235 -2.052045361e-08
-0.1394413626 0.4639450444 -1.708203098e-08
-0.1463856539 0.4528192626 -1.859640297e-08
-0.1463856542 0.4416934826 -1.679124662e-08
-0.1463856542 0.4416934826 -1.679124662e-08
-0.1394413635 0.4305677026 -1.618054529e-08
-0.1463856545 0.4305677027 -1.629471416e-08
-0.1602742365 0.4305677034 -1.681294154e-08
-0.1672185272 0.4416934834 -1.742373054e-08
-0.1602742358 0.4528192633 -1.911474606e-08
-0.1533299449 0.4528192631 -1.900052107e-08
-0.1741628178 0.4528192639 -1.963309618e-08
-0.1741628189 0.4194419242 -1.68345278e-08
-0.1880514014 0.4083161437 -1.467769153e-08
-0.2088842736 0.4305677051 -1.819191001e-08
-0.2019399817 0.4528192649 -2.03798963e-08
-0.2088842713 0.4861966076 -2.197627688e-08
-0.1949956886 0.5084481673 -2.303100236e-08
-0.1949956877 0.5306997282 -2.489414636e-08
-0.2088842686 0.55295129 -2.756605966e-08
-0.2019399764 0.5863286296 -3.025048367e-08
-0.2088842658 0.6197059715 -3.359479744e-08
-0.2227728459 0.653083313 -3.77828856e-08
-0.2158285538 0.6864606538 -4.031816353e-08
-0.2366614242 0.7198379949 -4.535046461e-08
-0.2505500038 0.7532153374 -5.040910184e-08
-0.2436057127 0.7643411168 -5.050113394e-08
-0.2505500021 0.7865926779 -5.378842077e-08
-0.2436057111 0.7977184581 -5.576877893e-08
-0.250550001 0.8088442394 -5.623181748e-08
-0.229717129 0.819970019 -5.769183725e-08
-0.2227728381 0.8310957984 -5.778360279e-08
-0.2227728376 0.8422215793 -5.915013024e-08
-0.2297171265 0.8755989204 -6.424295912e-08
-0.2436057063 0.8978504807 -6.808477609e-08
-0.2297171245 0.9201020416 -7.000730839e-08
-0.2227728337 0.9312278215 -7.169733157e-08
-0.2227728322 0.9646051625 -7.667482038e-08
-0.2297171215 0.9868567239 -8.025235454e-08
-0.2505499917 0.9979825055 -8.327452555e-08
-0.2783271508 1.031359847 -8.90052666e-08
-0.3061043089 1.075862971 -9.770210774e-08
-0.3130485984 1.086988751 -9.991372807e-08
-0.3199928864 1.120366093 -1.079154899e-07
-0.3130485956 1.131491874 -1.078577903e-07
-0.2991600142 1.153743434 -1.115272563e-07
-0.2783271423 1.187120772 -1.170351376e-07
-0.27138285 1.231623895 -1.248623308e-07
-0.2574942684 1.265001235 -1.303365466e-07
-0.2574942673 1.287252796 -1.348174818e-07
-0.2505499786 1.265001234 -1.299302893e-07
-0.2297171094 1.253875452 -1.27634852e-07
-0.22277282 1.242749672 -1.244044062e-07
-0.22277282 1.242749672 -1.244044062e-07
-0.2366613993 1.253875453 -1.280410811e-07
-0.2436056876 1.287252795 -1.342947414e-07
-0.2366613967 1.309504355 -1.377893949e-07
-0.2297171074 1.298378574 -1.363063526e-07
-0.2366613967 1.309504355 -1.377893949e-07
-0.2436056871 1.298378575 -1.368291527e-07
-0.2436056882 1.276127014 -1.329281227e-07
-0.2158285301 1.242749672 -1.245779878e-07
-0.1949956617 1.20937233 -1.163447744e-07
-0.181107083 1.175994989 -1.111353711e-07
-0.1533299234 1.164869207 -1.079959874e-07
-0.1394413437 1.153743427 -1.062485433e-07
-0.1186084741 1.131491865 -1.011306776e-07
-0.06999844405 1.109240304 -9.743774365e-08
-0.0422212839 1.086988742 -9.278469582e-08
-0.0144441234 1.098114522 -9.441560778e-08
0.00638874689 1.098114522 -9.435771331e-08
0.02722161719 1.098114522 -9.429982928e-08
0.02027732709 1.098114522 -9.44157551e-08
0.04111019739 1.098114522 -9.435786752e-08
0.06194306782 1.086988742 -9.278558988e-08
0.06888735824 1.064737182 -8.979004418e-08
0.07583164871 1.042485621 -8.606575908e-08
0.09666451945 1.031359841 -8.391428774e-08
0.11749739 1.031359841 -8.414682295e-08
0.1383302609 1.020234062 -8.286528713e-08
0.1522188416 1.009108281 -8.155879322e-08
0.1799960029 0.9979825023 -8.074170704e-08
0.1938845842 0.9757309421 -7.821156123e-08
0.2008288741 0.9868567226 -7.917080763e-08
0.2286060356 0.9757309436 -7.937289404e-08
0.2494389069 0.9646051639 -7.780238381e-08
0.2702717784 0.9534793853 -7.710171779e-08
0.2980489402 0.9423536059 -7.701455634e-08
0.3397146828 0.9312278283 -7.712737948e-08
0.3744361369 0.8978504886 -7.433811045e-08
0.4091575906 0.8755989319 -7.334429442e-08
0.4438790455 0.8422215938 -7.069746627e-08
0.4786005019 0.7977184748 -6.901531213e-08
0.5272105389 0.7643411383 -6.758975563e-08
0.5688762873 0.7198380211 -6.622582255e-08
0.5827648723 0.6864606828 -6.334780578e-08
0.6244306218 0.6419575664 -6.256583307e-08
0.6730406583 0.6308317915 -6.721658352e-08
0.7216506966 0.6085802375 -6.96273077e-08
0.7633164445 0.5863286828 -7.259237972e-08
0.8119264819 0.57520291 -7.76754745e-08
0.8605365157 0.5863286983 -8.490310999e-08
0.9369237186 0.5640771512 -9.396461992e-08
0.9994223426 0.5306998226 -1.000065678e-07
1.054976672 0.5195740529 -1.075863167e-07
1.103586711 0.5084482837 -1.15570794e-07
1.145252459 0.4973225115 -1.223696254e-07
1.186918204 0.4973225212 -1.300904398e-07
1.228583952 0.486196752 -1.368815665e-07
1.277193992 0.4750709824 -1.469048658e-07
1.325804034 0.4528194337 -1.546906777e-07
1.360525495 0.430567883 -1.596576583e-07
1.388302665 0.4083163298 -1.627100993e-07
1.443857 0.3860647844 -1.743016872e-07
1.506355626 0.3638132411 -1.875195765e-07
1.568854253 0.3415617001 -2.014591318e-07
1.63135288 0.3193101586 -2.161285872e-07
1.686907217 0.2970586164 -2.290245061e-07
1.756350132 0.2859328586 -2.472595705e-07
1.832737348 0.2525555451 -2.689025577e-07
1.895235973 0.2414297878 -2.852156058e-07
1.957734612 0.1969266904 -3.031224391e-07
2.020233247 0.1635493734 -3.20789933e-07
2.082731888 0.1190462773 -3.40879025e-07
2.138286228 0.09679473952 -3.58570305e-07
2.200784852 0.09679476594 -3.795825209e-07
2.26328348 0.08566901266 -4.014169975e-07
2.318837822 0.06341747806 -4.204109114e-07
2.395225039 0.04116595209 -4.486410025e-07
2.464667965 0.01891442371 -4.749562245e-07
2.5271666 -0.003337104674 -5.000770126e-07
2.596609528 -0.02558863138 -5.265353521e-07
2.652163878 -0.05896594317 -5.507149326e-07
2.69382964 -0.08121748228 -5.684995822e-07
2.756328278 -0.1034690098 -5.9551309e-07
2.811882624 -0.1257205391 -6.198822634e-07
2.874381269 -0.1590978459 -6.480125642e-07
2.922991324 -0.181349379 -6.706162811e-07
2.964657088 -0.2036009152 -6.907242837e-07
3.013267131 -0.2036008863 -7.137079622e-07
3.054932883 -0.2036008616 -7.33325444e-07
3.082710057 -0.2147266257 -7.477650636e-07
3.110487231 -0.225852389 -7.604573357e-07
3.131320107 -0.2258523763 -7.705561433e-07
3.159097288 -0.2481039206 -7.865512094e-07
3.179930178 -0.2703554675 -7.969938287e-07
3.193818762 -0.270355459 -8.037266044e-07
3.214651645 -0.281481226 -8.146520384e-07
3.207707346 -0.2703554502 -8.107492662e-07
3.228540222 -0.2703554371 -8.211383141e-07
3.25631739 -0.2703554191 -8.354735343e-07
3.270205959 -0.2481038504 -8.424416919e-07
3.284094543 -0.2481038412 -8.497541276e-07
3.304927426 -0.2592296064 -8.584932379e-07
3.31881601 -0.2592295976 -8.655158436e-07
3.325760302 -0.2592295926 -8.694619844e-07
3.332704594 -0.259229588 -8.731182286e-07
3.332704601 -0.2703553696 -8.748229123e-07
3.332704587 -0.2481038094 -8.750577717e-07
3.33270458 -0.2369780285 -8.727733052e-07
3.346593156 -0.2258522393 -8.795487377e-07
3.346593163 -0.2369780193 -8.800856778e-07
3.339648864 -0.2258522439 -8.758925847e-07
3.332704565 -0.2147264679 -8.732980542e-07
3.332704558 -0.2036006872 -8.720323256e-07
3.339648835 -0.1813491222 -8.749044914e-07
3.353537411 -0.1702233326 -8.819694944e-07
3.353537397 -0.1479717714 -8.817652234e-07
3.360481681 -0.1368459871 -8.845942872e-07
3.367425951 -0.1034686414 -8.885275321e-07
3.374370228 -0.081217076 -8.916890335e-07
3.37437022 -0.07009129521 -8.917317534e-07
3.381314482 -0.02558817003 -8.935290362e-07
3.381314453 0.01891495085 -8.94287824e-07
3.374370147 0.04116650746 -8.904278629e-07
3.35353725 0.07454383509 -8.800288752e-07
3.339648652 0.09679538652 -8.732428331e-07
3.297982896 0.1079211392 -8.520828519e-07
3.256317148 0.1079211127 -8.310208383e-07
3.22159569 0.1079210904 -8.133242113e-07
3.186874233 0.1079210682 -7.956275914e-07
3.179929942 0.107921064 -7.922622012e-07
3.166041352 0.1190468363 -7.855750208e-07
3.131319888 0.1301725963 -7.69081861e-07
3.096598417 0.1524241341 -7.526411176e-07
3.075765536 0.1635499028 -7.418604387e-07
3.054932649 0.1858014497 -7.327307634e-07
3.034099768 0.1969272186 -7.232591503e-07
3.020211179 0.2080529899 -7.17012012e-07
3.006322603 0.1969272024 -7.103783155e-07
2.985489735 0.1858014085 -6.999485955e-07
2.964656861 0.1858013966 -6.904328248e-07
2.943823994 0.1746756048 -6.804335592e-07
2.916046828 0.1746755889 -6.678423861e-07
2.89521396 0.1635497964 -6.572630467e-07
2.88132539 0.1412982284 -6.50873676e-07
2.86743682 0.1190466591 -6.446331393e-07
2.86743682 0.1190466591 -6.446331393e-07
2.867436826 0.1079208783 -6.445882768e-07
2.867436833 0.09679509847 -6.441044593e-07
2.87438113 0.08566932118 -6.468452605e-07
2.888269726 0.06341776996 -6.526087005e-07
2.888269732 0.05229198859 -6.532927739e-07
2.902158322 0.04116621612 -6.586704993e-07
2.916046917 0.01891466264 -6.650224261e-07
2.936879805 -0.003336884563 -6.75170997e-07
2.964656971 -0.003336868368 -6.880539393e-07
2.985489846 -0.00333685604 -6.978610935e-07
3.013267013 -0.00333683948 -7.110339254e-07
3.041044192 -0.02558838501 -7.225199847e-07
3.075765664 -0.04783992491 -7.408592416e-07
3.110487136 -0.07009146365 -7.577414017e-07
3.145208601 -0.08121722292 -7.748168935e-07
3.172985782 -0.1034687668 -7.887730884e-07
3.214651561 -0.1479718611 -8.103854676e-07
3.263261632 -0.1924749519 -8.371130146e-07
3.311871704 -0.2369780423 -8.618047376e-07
3.353537492 -0.2926069165 -8.852671727e-07
3.395203274 -0.3371100103 -9.10811483e-07
3.429924764 -0.3816131084 -9.31681881e-07
3.478534839 -0.4261161967 -9.604466188e-07
3.541033516 -0.4928708356 -1.000219395e-06
3.610476494 -0.5707512488 -1.045060109e-06
3.672975165 -0.6263801064 -1.086479634e-06
3.707696668 -0.6820089823 -1.110944983e-06
3.728529578 -0.7265120888 -1.128726025e-06
3.756306781 -0.7710151895 -1.150016304e-06
3.791028278 -0.8155182846 -1.176853646e-06
3.832694059 -0.8488955949 -1.205792267e-06
3.874359833 -0.8711471239 -1.234043703e-06
3.909081314 -0.8933986591 -1.258497097e-06
3.943802804 -0.9267759723 -1.283921261e-06
3.99241288 -0.9601532754 -1.318550911e-06
4.034078655 -0.9824048029 -1.34796502e-06
4.047967268 -1.015782133 -1.36271534e-06
4.054911596 -1.060285249 -1.37391689e-06
4.054911614 -1.082536809 -1.378342859e-06
4.061855925 -1.104788365 -1.386427302e-06
4.082688822 -1.127039909 -1.403858174e-06
4.075744547 -1.149291474 -1.403317157e-06
4.068800271 -1.17154304 -1.403214969e-06
4.068800298 -1.204920382 -1.408619999e-06
4.068800325 -1.238297722 -1.415913444e-06
4.089633223 -1.260549267 -1.433784382e-06
4.110466129 -1.293926591 -1.452775627e-06
4.110466156 -1.327303933 -1.460508549e-06
4.061856111 -1.338429752 -1.431235757e-06
4.047967542 -1.360681323 -1.426894022e-06
4.034078964 -1.371807114 -1.420993473e-06
4.034078973 -1.382932895 -1.423280895e-06
4.020190386 -1.382932906 -1.414513022e-06
4.006301817 -1.405184478 -1.410170705e-06
4.006301825 -1.416310257 -1.41259885e-06
4.006301825 -1.416310257 -1.41259885e-06
3.971580366 -1.427436066 -1.393839669e-06
3.964636099 -1.460813412 -1.396602789e-06
3.978524712 -1.494190741 -1.412663373e-06
3.985469049 -1.549819637 -1.430657906e-06
3.985469067 -1.572071198 -1.437120761e-06
3.964636212 -1.605448557 -1.432282426e-06
3.943803356 -1.638825913 -1.428164183e-06
3.936859071 -1.649951699 -1.42548269e-06
3.936859105 -1.69445482 -1.43767874e-06
3.943803434 -1.738957937 -1.454553667e-06
3.950747754 -1.772335272 -1.467104281e-06
3.964636351 -1.783461042 -1.478161341e-06
3.985469276 -1.839089926 -1.508123663e-06
3.992413632 -1.916970384 -1.535058589e-06
3.999357969 -1.972599279 -1.555961679e-06
4.006302325 -2.050479736 -1.585365566e-06
4.006302378 -2.117234418 -1.60766181e-06
4.020191011 -2.172863309 -1.635283214e-06
4.027135367 -2.250743765 -1.665996872e-06
4.047968304 -2.317498431 -1.702616531e-06
4.061856929 -2.362001541 -1.728242222e-06
4.068801277 -2.428756217 -1.75739888e-06
4.082689894 -2.462133548 -1.779578305e-06
4.096578511 -2.495510877 -1.800590284e-06
4.110467119 -2.517762427 -1.819463927e-06
4.117411441 -2.551139762 -1.836963327e-06
4.117411459 -2.573391322 -1.846044557e-06
4.117411486 -2.606768663 -1.859301976e-06
4.124355817 -2.651271779 -1.881416876e-06
4.13130014 -2.684649115 -1.900954274e-06
4.124355871 -2.718026461 -1.910988103e-06
4.131300176 -2.729152236 -1.918537184e-06
4.110467308 -2.751403814 -1.915329693e-06
4.08963444 -2.77365539 -1.911682902e-06
4.068801562 -2.784781187 -1.903569878e-06
4.047968703 -2.818158546 -1.904976273e-06
4.047968729 -2.851535885 -1.918812598e-06
4.034080156 -2.873787457 -1.921154986e-06
3.950748653 -2.929416425 -1.894181856e-06
3.846584261 -2.985045406 -1.856504821e-06
3.742419867 -3.040674384 -1.820852638e-06
3.652144078 -3.118554913 -1.807415106e-06
3.568812575 -3.185309653 -1.79214549e-06
3.492425365 -3.252064388 -1.783583771e-06
3.416038168 -3.341070682 -1.789766963e-06
3.325762362 -3.407825424 -1.776046096e-06
3.242430842 -3.46345438 -1.763552223e-06
3.159099314 -3.507957554 -1.746443731e-06
3.09660068 -3.563586493 -1.745658645e-06
3.027157762 -3.641466997 -1.75783974e-06
2.957714835 -3.708221719 -1.762060376e-06
2.888271906 -3.774976441 -1.77049328e-06
2.811884673 -3.830605386 -1.769628613e-06
2.749386038 -3.897360101 -1.781861268e-06
2.693831686 -3.941863253 -1.786509238e-06
2.631333036 -3.986366406 -1.788789666e-06
2.582722991 -4.053121112 -1.810673897e-06
2.520224344 -4.108750046 -1.821194221e-06
2.450781399 -4.164378981 -1.829925562e-06
2.388282749 -4.220007912 -1.843198558e-06
2.318839801 -4.275636845 -1.854682278e-06
2.256341154 -4.342391556 -1.877642602e-06
2.200786793 -4.386894701 -1.888799567e-06
2.11745524 -4.431397857 -1.890793676e-06
2.041067984 -4.47590101 -1.896891274e-06
1.978569326 -4.531529936 -1.917113889e-06
1.909126365 -4.576033084 -1.927892599e-06
1.825794807 -4.620536235 -1.935242926e-06
1.742463247 -4.665039385 -1.944478863e-06
1.679964576 -4.698416748 -1.951985812e-06
1.617465908 -4.742919888 -1.969032171e-06
1.568855839 -4.798548805 -1.999193183e-06
1.513301467 -4.843051943 -2.018164265e-06
1.450802792 -4.876429303 -2.030310596e-06
1.388304117 -4.909806661 -2.041287552e-06
1.33274974 -4.943184016 -2.05477194e-06
1.284139654 -4.954309809 -2.053565023e-06
1.221640971 -4.965435605 -2.050967327e-06
1.166086587 -4.976561398 -2.049279683e-06
1.124420799 -4.987687188 -2.05029069e-06
1.075810715 -5.009938759 -2.059639525e-06
1.027200626 -5.009938769 -2.051641656e-06
0.9785905365 -5.009938779 -2.043933684e-06
0.9369247479 -5.021064566 -2.046682719e-06
0.9022032595 -5.043316133 -2.057999929e-06
0.8674817728 -5.07669348 -2.080461129e-06
0.8397045842 -5.110070826 -2.102382926e-06
0.8049830948 -5.132322391 -2.117185074e-06
0.7910944958 -5.121196614 -2.105958196e-06
0.7772058986 -5.121196616 -2.10441794e-06
0.7772058935 -5.087819275 -2.077528484e-06
0.7772058901 -5.065567714 -2.059455867e-06
0.7702615933 -5.076693496 -2.067941643e-06
0.7841501887 -5.065567713 -2.060225845e-06
0.798038784 -5.054441931 -2.053387839e-06
0.8188716759 -5.032190367 -2.038933344e-06
0.8258159707 -5.009938805 -2.022648948e-06
0.8188716687 -4.987687246 -2.0039552e-06
0.8119273667 -4.965435687 -1.985551468e-06
0.811927365 -4.954309906 -1.976005645e-06
0.8119273632 -4.943184126 -1.967188666e-06
0.8049830648 -4.943184127 -1.966419003e-06
0.7910944647 -4.92093257 -1.948703595e-06
0.7702615663 -4.898681012 -1.929340971e-06
0.7633172647 -4.876429452 -1.911227773e-06
0.7563729615 -4.843052112 -1.883858993e-06
0.74942866 -4.820800553 -1.867493634e-06
0.7494286534 -4.776297432 -1.8335354e-06
0.7494286469 -4.731794311 -1.800446837e-06
0.749428642 -4.69841697 -1.775305318e-06
0.749428637 -4.665039628 -1.751033475e-06
0.7424843358 -4.64278807 -1.734378755e-06
0.7494286288 -4.609410726 -1.710436828e-06
0.7633172179 -4.564907604 -1.680053393e-06
0.7772058085 -4.531530261 -1.658047364e-06
0.7772058034 -4.49815292 -1.634504015e-06
0.7772057983 -4.46477558 -1.610670772e-06
0.7772057966 -4.453649798 -1.602723617e-06
0.7702614989 -4.453649799 -1.601955248e-06
0.7702614972 -4.442524021 -1.595614868e-06
0.7841500891 -4.420272457 -1.581696128e-06
0.7980386792 -4.386895114 -1.559689076e-06
0.8049829768 -4.386895113 -1.56045727e-06
0.804982975 -4.375769333 -1.552659053e-06
0.804982968 -4.331266212 -1.521607034e-06
0.8049829609 -4.286763091 -1.491863639e-06
0.8049829556 -4.25338575 -1.469628566e-06
0.8049829503 -4.220008409 -1.447832445e-06
0.8119272424 -4.186631067 -1.426365044e-06
0.8049829362 -4.131002167 -1.389364395e-06
0.8119272299 -4.108750606 -1.375844062e-06
0.8188715236 -4.086499044 -1.361594758e-06
0.8258158189 -4.075373262 -1.356013321e-06
0.8397044096 -4.053121699 -1.343839764e-06
0.853593002 -4.041995918 -1.339323552e-06
0.8605372953 -4.019744356 -1.325653515e-06
0.8605372897 -3.986367014 -1.305016261e-06
0.853592987 -3.952989675 -1.282452385e-06
0.8466486863 -3.930738115 -1.267687078e-06
0.8466486808 -3.897360774 -1.246760111e-06
0.8535929721 -3.863983432 -1.228637424e-06
0.8535929665 -3.830606092 -1.208149321e-06
0.8674815526 -3.786102967 -1.18342526e-06
0.8744258436 -3.752725627 -1.165451088e-06
0.8813701326 -3.708222503 -1.138651237e-06
0.8813701249 -3.663719382 -1.114290133e-06
0.8813701172 -3.619216262 -1.088620398e-06
0.8883144079 -3.585838919 -1.070786437e-06
0.8952587005 -3.563587357 -1.05842353e-06
0.8952586907 -3.507958457 -1.028590965e-06
0.8883143885 -3.474581116 -1.007916326e-06
0.8813700863 -3.441203777 -9.902980729e-07
0.8744257824 -3.396700657 -9.654612736e-07
0.8744257747 -3.352197537 -9.4182913e-07
0.8813700651 -3.318820193 -9.251541278e-07
0.8813700593 -3.285442853 -9.069930385e-07
0.8744257556 -3.240939732 -8.834652769e-07
0.8605371579 -3.207562394 -8.647928391e-07
0.8397042644 -3.174185057 -8.456456388e-07
0.8258156653 -3.129681938 -8.207742066e-07
0.8258156617 -3.107430377 -8.109919054e-07
0.8188713623 -3.085178818 -7.982665295e-07
0.8188713587 -3.062927257 -7.884842845e-07
0.8049827654 -3.051801479 -7.814840273e-07
0.7841498781 -3.051801482 -7.789001037e-07
0.7841498781 -3.051801482 -7.789001037e-07
0.7772055772 -3.018424143 -7.62303018e-07
0.749428391 -2.996172586 -7.488832159e-07
0.7424840905 -2.962795246 -7.311189199e-07
0.728595496 -2.940543688 -7.209763551e-07
0.7216511972 -2.918292128 -7.098507619e-07
0.7147068969 -2.884914789 -6.925259817e-07
0.7077625983 -2.862663228 -6.819804346e-07
0.7147068876 -2.818160107 -6.630410589e-07
0.7077625859 -2.773656986 -6.424244887e-07
0.6869296982 -2.762531208 -6.352420867e-07
0.6660968077 -2.729153871 -6.181380705e-07
0.6591525081 -2.695776529 -6.048812133e-07
0.6522082085 -2.66239919 -5.890154937e-07
0.6383196153 -2.640147631 -5.787262027e-07
0.6313753173 -2.617896073 -5.683310114e-07
0.624431018 -2.584518732 -5.542052008e-07
0.6174867202 -2.562267171 -5.452597307e-07
0.6035981274 -2.540015613 -5.361390598e-07
0.5897095333 -2.506638274 -5.199419404e-07
0.5758209383 -2.462135155 -5.013314985e-07
0.5688766371 -2.406506253 -4.791742478e-07
0.5688766321 -2.362003131 -4.629600894e-07
0.5480437464 -2.350877354 -4.568002581e-07
0.5341551545 -2.328625796 -4.472423398e-07
0.5341551498 -2.284122675 -4.314677151e-07
0.5341551451 -2.239619551 -4.16413708e-07
0.5272108458 -2.195116431 -3.995867714e-07
0.520266549 -2.172864872 -3.918109459e-07
0.5063779565 -2.139487533 -3.799816515e-07
0.4855450697 -2.106110193 -3.662227173e-07
0.4786007732 -2.083858632 -3.572796845e-07
0.4855450644 -2.050481291 -3.481764568e-07
0.4855450623 -2.028229731 -3.4014461e-07
0.4786007679 -2.028229731 -3.39672523e-07
0.4647121772 -2.005978173 -3.324442456e-07
0.4716564674 -1.96147505 -3.193210178e-07
0.4924893481 -1.939223488 -3.140134843e-07
0.5063779343 -1.916971926 -3.082338043e-07
0.5063779321 -1.894720364 -3.013613475e-07
0.4855450485 -1.883594586 -2.957852614e-07
0.4716564581 -1.861343027 -2.888475822e-07
0.4716564581 -1.861343027 -2.888475822e-07
0.471656456 -1.839091466 -2.829941578e-07
0.4855450421 -1.816839905 -2.769242339e-07
0.4786007459 -1.794588346 -2.701684926e-07
0.4577678628 -1.783462567 -2.648832111e-07
0.4577678618 -1.772336786 -2.626108707e-07
0.4716564478 -1.750085224 -2.574103806e-07
0.4786007418 -1.750085224 -2.575918487e-07
0.4924893297 -1.750085222 -2.588244572e-07
0.4994336226 -1.738959442 -2.571723609e-07
0.4924893276 -1.727833662 -2.525401331e-07
0.4924893276 -1.727833662 -2.525401331e-07
0.4786007397 -1.727833664 -2.515975335e-07
0.4716564457 -1.727833664 -2.514161216e-07
0.4716564467 -1.738959444 -2.552870458e-07
0.4924893297 -1.750085222 -2.588244572e-07
0.5063779188 -1.761211002 -2.633483476e-07
0.520266508 -1.77233678 -2.671435089e-07
0.5341550972 -1.78346256 -2.706488929e-07
0.5549879793 -1.783462557 -2.726430152e-07
0.5688765686 -1.794588336 -2.774572369e-07
0.5758208627 -1.794588336 -2.782186033e-07
0.5897094508 -1.794588334 -2.794514469e-07
0.6105423342 -1.805714111 -2.848782116e-07
0.6383195105 -1.805714107 -2.876339038e-07
0.6591523941 -1.816839885 -2.927710701e-07
0.6869295705 -1.816839881 -2.95526878e-07
0.7077624527 -1.816839878 -2.978111598e-07
0.7285953365 -1.827965656 -3.039674391e-07
0.7563725129 -1.827965652 -3.073031525e-07
0.7910939851 -1.839091426 -3.145437463e-07
0.811926871 -1.861342985 -3.229743859e-07
0.8397040513 -1.88359454 -3.325977055e-07
0.8674812317 -1.905846096 -3.436791809e-07
0.8952584105 -1.916971873 -3.50888424e-07
0.909146997 -1.905846089 -3.494087164e-07
0.9230355813 -1.883594526 -3.440560682e-07
0.9508127559 -1.872468742 -3.462857469e-07
0.9924785209 -1.872468734 -3.525945356e-07
1.027199992 -1.872468727 -3.581417509e-07
1.048032874 -1.872468723 -3.615860402e-07
1.082754345 -1.872468715 -3.674231486e-07
1.117475816 -1.872468708 -3.735501503e-07
1.159141576 -1.850217137 -3.738506492e-07
1.207751629 -1.827965565 -3.765104322e-07
1.2424731 -1.827965556 -3.832166344e-07
1.291083155 -1.816839764 -3.890208323e-07
1.325804629 -1.827965535 -3.998913024e-07
1.360526102 -1.839091306 -4.103231052e-07
1.402191876 -1.872468637 -4.294154743e-07
1.464690527 -1.883594398 -4.452055159e-07
1.499412001 -1.894720169 -4.569472749e-07
1.513300589 -1.894720165 -4.602098926e-07
1.534133465 -1.8724686 -4.59539542e-07
1.561910638 -1.861342809 -4.623298595e-07
1.603576403 -1.861342797 -4.724070695e-07
1.638297874 -1.861342785 -4.814328515e-07
1.679963631 -1.83909121 -4.862262333e-07
1.714685098 -1.827965419 -4.923942953e-07
1.742462267 -1.805713849 -4.930546751e-07
1.763295145 -1.794588062 -4.956700509e-07
1.777183722 -1.761210716 -4.904999019e-07
1.77718371 -1.727833375 -4.809080956e-07
1.763295107 -1.683330257 -4.650480362e-07
1.7494065 -1.627701362 -4.469188876e-07
1.756350778 -1.583198239 -4.384277094e-07
1.77023935 -1.538695112 -4.306887692e-07
1.79107222 -1.505317763 -4.277272537e-07
1.818849386 -1.483066193 -4.302720075e-07
1.846626557 -1.471940404 -4.368420774e-07
1.853570846 -1.46081462 -4.357550915e-07
1.860515136 -1.449688837 -4.361257387e-07
1.839682243 -1.416311502 -4.2193262e-07
1.832737941 -1.394059946 -4.154646299e-07
1.846626512 -1.349556819 -4.093219275e-07
1.818849319 -1.293927928 -3.899707927e-07
1.770239249 -1.249424823 -3.669912353e-07
1.728573471 -1.193795936 -3.454025883e-07
1.686907693 -1.138167049 -3.241055844e-07
1.638297619 -1.071412383 -2.999225887e-07
1.58968755 -1.015783495 -2.787397816e-07
1.548021772 -0.9490288267 -2.577888421e-07
1.471634525 -0.8600226079 -2.279286218e-07
1.388302978 -0.7376390468 -1.933932476e-07
1.339692897 -0.6152554752 -1.696225557e-07
1.298027114 -0.5039976832 -1.515074614e-07
1.249417041 -0.3927398913 -1.345266274e-07
1.193862673 -0.2592305405 -1.154468864e-07
1.152196901 -0.1702243081 -1.059608286e-07
1.089698255 -0.08121807888 -9.391711532e-08
1.027199614 -0.003337628637 -8.327446709e-08
0.9785895557 0.08566860278 -7.536903048e-08
0.9160909183 0.1635490546 -6.720181281e-08
0.8397037003 0.2414295038 -5.927385316e-08
0.7772050653 0.3304357376 -5.567378072e-08
0.7355393055 0.4194419743 -5.667190756e-08
0.6591520941 0.4973224257 -5.413204932e-08
0.5897091733 0.5974544404 -5.536791792e-08
0.527210547 0.6864606763 -5.817881188e-08
0.4855447946 0.7754669152 -6.45663481e-08
0.4299904646 0.8422215927 -6.976840217e-08
0.3813804256 0.9201020507 -7.724056023e-08
0.3397146761 1.031359851 -9.203849072e-08
0.3883247032 1.086988757 -1.041521845e-07
0.4022132817 1.109240319 -1.092654285e-07
0.402213279 1.142617659 -1.152537441e-07
0.3883246964 1.175995 -1.201656977e-07
0.3744361115 1.242749681 -1.315056197e-07
0.3813803981 1.287252804 -1.412100651e-07
0.3813803972 1.298378583 -1.437418429e-07
0.3813803972 1.298378583 -1.437418429e-07
0.3813803956 1.320630144 -1.489462262e-07
0.3952689734 1.342881706 -1.540583024e-07
0.3952689708 1.376259047 -1.606264887e-07
0.3952689665 1.431887949 -1.734176837e-07
0.4091575422 1.476391072 -1.840231002e-07
0.4161018281 1.520894194 -1.951840356e-07
0.423046114 1.565397316 -2.063447466e-07
0.4299904006 1.598774657 -2.154125927e-07
0.4369346891 1.609900438 -2.179677261e-07
0.4508232679 1.60990044 -2.188927472e-07
0.4647118446 1.632152002 -2.258911226e-07
0.4647118416 1.665529343 -2.352247523e-07
0.4716561299 1.676655124 -2.380694527e-07
0.4855447053 1.710032466 -2.47308752e-07
0.4924889935 1.721158247 -2.511719868e-07
0.4994332805 1.743409808 -2.581462213e-07
0.5133218567 1.765661371 -2.651434886e-07
0.5202661436 1.787912932 -2.715376491e-07
0.5063775631 1.810164492 -2.766865717e-07
0.5063775609 1.832416052 -2.829086407e-07
0.527210427 1.843541835 -2.879851452e-07
0.5341547161 1.843541836 -2.884470385e-07
0.5272104259 1.854667615 -2.91096092e-07
0.5272104259 1.854667615 -2.91096092e-07
0.5410990028 1.865793397 -2.96729227e-07
0.5549875797 1.876919179 -3.000348846e-07
0.5549875797 1.876919179 -3.000348846e-07
0.5619318663 1.899170741 -3.072980793e-07
0.5549875736 1.932548081 -3.170384887e-07
0.5549875724 1.943673861 -3.211680542e-07
0.5480432823 1.954799642 -3.230884384e-07
0.5341547044 1.95479964 -3.21585451e-07
0.5410989922 1.965925421 -3.267564612e-07
0.5480432787 1.988176982 -3.337296436e-07
0.5549875664 1.999302763 -3.375918756e-07
0.5341547009 1.988176981 -3.325167212e-07
0.5272104097 2.01042854 -3.392958381e-07
0.5272104051 2.054931661 -3.520295153e-07
0.5341546916 2.077183223 -3.608909922e-07
0.5272104017 2.088309004 -3.641204456e-07
0.5202661129 2.088309003 -3.636591905e-07
0.4924889568 2.09943478 -3.643454956e-07
0.485544666 2.12168634 -3.71705037e-07
0.506377531 2.132812123 -3.767793497e-07
0.5133218185 2.143937904 -3.816601126e-07
0.5202661049 2.166189466 -3.892128464e-07
0.5202661049 2.166189466 -3.892128464e-07
0.5272103924 2.177315247 -3.933646275e-07
0.5341546799 2.188441027 -3.976653975e-07
0.5341546799 2.188441027 -3.976653975e-07
0.5272103901 2.199566807 -4.006052559e-07
0.5202660992 2.221818368 -4.079647655e-07
0.5202660981 2.232944148 -4.123843715e-07
0.506377521 2.232944146 -4.111727394e-07
0.5063775199 2.244069928 -4.138448226e-07
0.5133218084 2.244069928 -4.145955501e-07
0.5133218084 2.244069928 -4.145955501e-07
0.5133218073 2.255195707 -4.188743528e-07
0.5133218051 2.277447269 -4.272746656e-07
0.4994332248 2.310824609 -4.385935046e-07
0.4924889321 2.35532773 -4.537742528e-07
0.4994332183 2.377579292 -4.613266045e-07
0.5272103694 2.399830854 -4.74045188e-07
0.53415466 2.377579295 -4.642088336e-07
0.527210374 2.355327733 -4.566567802e-07
0.527210374 2.355327733 -4.566567802e-07
0.5272103751 2.344201952 -4.526761541e-07
0.5202660879 2.333076171 -4.488147074e-07
0.4924889321 2.35532773 -4.537742528e-07
0.4786003521 2.388705068 -4.665514475e-07
0.4855446405 2.388705069 -4.6701191e-07
0.4855446405 2.388705069 -4.6701191e-07
0.4924889288 2.38870507 -4.674723728e-07
0.4855446415 2.37757929 -4.60405623e-07
0.4786003553 2.355327728 -4.528531559e-07
0.471656069 2.333076167 -4.453005695e-07
0.4577674922 2.333076165 -4.440894705e-07
0.4438789144 2.344201944 -4.462795518e-07
0.4230460501 2.333076162 -4.414965453e-07
0.4091574733 2.333076161 -4.408652186e-07
0.3952688964 2.33307616 -4.399440057e-07
0.367491742 2.344201938 -4.415030934e-07
0.3674917412 2.355327719 -4.454843892e-07
0.3674917404 2.3664535 -4.499046369e-07
0.3188817197 2.399830837 -4.602322692e-07
0.2702716997 2.433208177 -4.692442672e-07
0.2424945471 2.422082394 -4.637109645e-07
0.2216616832 2.399830832 -4.563952687e-07
0.2216616847 2.366453491 -4.431326743e-07
0.2216616856 2.344201929 -4.347298999e-07
0.1938845329 2.321950367 -4.259340427e-07
0.1661073792 2.321950367 -4.255409598e-07
0.1661073796 2.310824587 -4.214097566e-07
0.1591630915 2.299698806 -4.168178527e-07
0.1452745149 2.288573026 -4.130738012e-07
0.1244416497 2.277447244 -4.078501423e-07
0.08972020727 2.277447244 -4.072857291e-07
0.06888734181 2.277447243 -4.070630404e-07
0.06194305345 2.266321463 -4.040691624e-07
0.02722161088 2.277447243 -4.066176633e-07
-0.007499831535 2.299698804 -4.147478532e-07
-0.01444412002 2.288573024 -4.114638259e-07
-0.02138840859 2.266321463 -4.037578401e-07
-0.03527698568 2.255195681 -3.984143282e-07
-0.05610985135 2.244069903 -3.942001525e-07
-0.0630541403 2.21069256 -3.842581668e-07
-0.08388700659 2.177315221 -3.722179591e-07
-0.09777558449 2.143937879 -3.616652811e-07
-0.1186084515 2.099434758 -3.466594927e-07
-0.1463856074 2.066057417 -3.372125985e-07
-0.1811070533 2.010428516 -3.203468872e-07
-0.215828499 1.977051177 -3.095588188e-07
-0.2366613677 1.932548057 -2.971669749e-07
-0.2574942369 1.888044936 -2.850643227e-07
-0.2644385288 1.832416034 -2.684513294e-07
-0.2574942425 1.776787132 -2.518925134e-07
-0.2644385346 1.72115823 -2.376065941e-07
-0.2713828262 1.676655109 -2.25995749e-07
-0.2783271167 1.654403548 -2.206133587e-07
-0.2991599861 1.63215199 -2.158962334e-07
-0.3338814344 1.60990043 -2.115623676e-07
-0.3547143041 1.587648871 -2.072833841e-07
-0.382491461 1.598774654 -2.123164903e-07
-0.4033243292 1.598774655 -2.138277918e-07
-0.4241571984 1.587648877 -2.116443557e-07
-0.4449900687 1.565397318 -2.079442152e-07
-0.4380457821 1.532019976 -1.983411662e-07
-0.4519343611 1.532019977 -1.994449832e-07
-0.4519343631 1.509768416 -1.942335656e-07
-0.4588786536 1.498642637 -1.92833993e-07
-0.4658229462 1.465265297 -1.849142003e-07
-0.4727672379 1.443013737 -1.811281317e-07
-0.5005443986 1.420762178 -1.778331051e-07
-0.5213772698 1.398510619 -1.748598455e-07
-0.528321563 1.365133279 -1.682476281e-07
-0.542210146 1.331755939 -1.614618851e-07
-0.5769315949 1.331755943 -1.649435131e-07
-0.5977644656 1.320630165 -1.65664381e-07
-0.6116530465 1.309504386 -1.626326047e-07
-0.6047087593 1.287252825 -1.583221443e-07
-0.6185973417 1.265001266 -1.549406953e-07
-0.6463745012 1.265001269 -1.577252999e-07
-0.6672073723 1.253875491 -1.584453473e-07
-0.6810959506 1.265001274 -1.614959479e-07
-0.6810959536 1.242749713 -1.570114428e-07
-0.6949845364 1.220498154 -1.544987932e-07
-0.7019288263 1.220498155 -1.554847139e-07
-0.6880402525 1.175995032 -1.454134119e-07
-0.681095967 1.142617689 -1.391544215e-07
-0.68804026 1.12036613 -1.369642085e-07
-0.6810959744 1.086988787 -1.286678933e-07
-0.6672073986 1.053611445 -1.21564564e-07
-0.653318824 1.009108321 -1.132423104e-07
-0.6324859588 0.9646051973 -1.04366e-07
-0.6185973837 0.9201020742 -9.589573641e-08
-0.6185973891 0.8755989533 -9.041471588e-08
-0.6047088149 0.8199700498 -8.217554076e-08
-0.5977645297 0.7754669276 -7.440137478e-08
-0.5908202443 0.7309638053 -6.895480897e-08
-0.5838759575 0.697586463 -6.531547903e-08
-0.5630430905 0.6530833393 -5.877016318e-08
-0.5491545151 0.5974544359 -5.184196489e-08
-0.5352659382 0.5529513135 -4.628219102e-08
-0.5213773611 0.5084481905 -4.145173527e-08
-0.5144330758 0.4528192866 -3.769561635e-08
-0.5005444994 0.3971903847 -3.192906295e-08
-0.5005445037 0.3526872638 -2.877740293e-08
-0.5213773794 0.3304357046 -2.943169902e-08
-0.5352659675 0.2748068037 -2.80465707e-08
-0.5560988461 0.2303036843 -2.843229487e-08
-0.5630431447 0.1635490034 -2.643411932e-08
-0.604708897 0.1301716679 -3.055592378e-08
-0.6533189412 0.09679433141 -3.392028908e-08
-0.7158175644 0.09679433998 -4.073775015e-08
-0.7713718961 0.09679434804 -4.715202585e-08
-0.8338705193 0.09679435807 -5.512905241e-08
-0.8824805577 0.1079201462 -6.22195683e-08
-0.9102577235 0.1079201512 -6.615154943e-08
-0.9241463044 0.1190459344 -6.817839782e-08
-0.9380348852 0.1301717184 -7.078515171e-08
-0.9588677595 0.1301717222 -7.373431903e-08
-0.9797006316 0.1412975067 -7.674457383e-08
-0.9727563444 0.1190459438 -7.563936408e-08
-0.9727563508 0.08566860197 -7.472733051e-08
-0.9519234847 0.04116547656 -7.036682697e-08
-0.9241463246 0.007788131237 -6.668369274e-08
-0.8894248803 -0.07009233746 -6.264545502e-08
-0.8547034349 -0.1479728054 -5.91890479e-08
-0.8060934029 -0.2147274966 -5.499862149e-08
-0.7574833696 -0.281482186 -5.095148445e-08
-0.729706208 -0.3259853104 -5.099100156e-08
-0.6949847554 -0.3816142183 -4.883026744e-08
-0.6463747191 -0.4483689063 -4.827594866e-08
-0.6047089764 -0.5373751545 -5.12036894e-08
-0.5769318146 -0.6041298391 -5.461663399e-08
-0.5491546485 -0.637507183 -5.44319847e-08
-0.5005446078 -0.7042618702 -5.810185721e-08
-0.4727674417 -0.7487649939 -6.105732037e-08
-0.4311016869 -0.7598907787 -5.903175726e-08
-0.4102688117 -0.7932681213 -6.346721537e-08
-0.3824916435 -0.8266454647 -6.488518589e-08
-0.3547144749 -0.8600228085 -6.834133681e-08
-0.3269373074 -0.9156517116 -7.472949159e-08
-0.3061044315 -0.9601548337 -7.896018639e-08
-0.2852715546 -0.993532176 -8.368869708e-08
-0.2713829705 -1.026909517 -8.779922178e-08
-0.229717215 -1.082538421 -9.600800199e-08
-0.1949957518 -1.138167325 -1.046184631e-07
-0.1533299948 -1.204922008 -1.152412112e-07
-0.1324971163 -1.24942513 -1.231131095e-07
-0.104719944 -1.293928252 -1.318948332e-07
-0.0838870646 -1.338431374 -1.410768877e-07
-0.04916559811 -1.405186056 -1.547220887e-07
-0.02138842422 -1.449689178 -1.65105373e-07
0.006388750162 -1.505318079 -1.765922305e-07
0.02722163143 -1.560946981 -1.912454025e-07
0.04805451304 -1.605450103 -2.0275916e-07
0.06194310076 -1.616575881 -2.055328239e-07
0.08277598236 -1.627701662 -2.080570386e-07
0.09666457043 -1.649953222 -2.138306323e-07
0.1174974522 -1.661079002 -2.169350329e-07
0.13138604 -1.661079001 -2.172974888e-07
0.1313860397 -1.649953221 -2.144467435e-07
0.1383303332 -1.638827441 -2.12795906e-07
0.1452746268 -1.62770166 -2.093974301e-07
0.1452746261 -1.605450101 -2.041347753e-07
0.138330332 -1.59432432 -2.009538507e-07
0.1313860383 -1.59432432 -2.010626862e-07
0.1174974504 -1.583198541 -1.982888435e-07
0.09666456895 -1.572072759 -1.95325891e-07
0.08277598091 -1.53869542 -1.861223793e-07
0.07583168671 -1.505318078 -1.77240869e-07
0.06888739276 -1.483066517 -1.719388714e-07
0.06194309886 -1.460814958 -1.67075934e-07
0.04805451136 -1.427437616 -1.603416531e-07
0.02722163047 -1.382934496 -1.499970981e-07
0.006388749953 -1.338431374 -1.405229202e-07
-0.007499836836 -1.293928253 -1.312297124e-07
-0.02833271669 -1.249425131 -1.217568248e-07
-0.03527700984 -1.227173571 -1.171852253e-07
-0.04222130302 -1.21604779 -1.163334228e-07
-0.04222130274 -1.18267045 -1.098208542e-07
-0.04222130256 -1.160418888 -1.05280395e-07
-0.05610988868 -1.138167328 -1.018379184e-07
-0.05610988844 -1.115915768 -9.846537108e-08
-0.06999847422 -1.082538426 -9.260407285e-08
-0.08388705983 -1.049161085 -8.660229767e-08
-0.09083135246 -1.026909524 -8.290136289e-08
-0.09777564482 -0.993532183 -7.809834884e-08
-0.1116642302 -0.9712806221 -7.523700168e-08
-0.1394414016 -0.9601548407 -7.340909502e-08
-0.1602742797 -0.9379032796 -7.196746882e-08
-0.1672185722 -0.9267774993 -6.922855006e-08
-0.1880514495 -0.8934001582 -6.595676433e-08
-0.1949957415 -0.8711485962 -6.283690268e-08
-0.1949957411 -0.8600228172 -6.14452213e-08
-0.2088843257 -0.837771255 -5.84363411e-08
-0.2088843253 -0.8266454744 -5.718555052e-08
-0.215828617 -0.8043939133 -5.450499818e-08
-0.2922158367 -0.8043939096 -5.746443682e-08
-0.3616587653 -0.8266454659 -6.397282371e-08
-0.4311016945 -0.848897021 -7.134971181e-08
-0.5144332109 -0.8822743548 -8.164587678e-08
-0.5838761441 -0.9267774684 -9.383756483e-08
-0.6394304912 -0.9601548027 -1.036873075e-07
-0.6949848391 -0.9935321364 -1.151341646e-07
-0.7574834806 -1.026909468 -1.271206727e-07
-0.81303783 -1.060286801 -1.391444161e-07
-0.8755364732 -1.093664131 -1.533061486e-07
-0.9241465289 -1.115915685 -1.646979957e-07
-0.972756585 -1.138167235 -1.757909019e-07
-1.02831093 -1.138167225 -1.84208407e-07
-1.076920985 -1.149292994 -1.943427897e-07
-1.132475335 -1.171544542 -2.083018285e-07
-1.174141097 -1.182670314 -2.17604623e-07
-1.201918275 -1.204921868 -2.266252438e-07
-1.243584042 -1.238299198 -2.417579431e-07
-1.292194095 -1.238299186 -2.512231382e-07
-1.340804154 -1.260550735 -2.65797617e-07
-1.375525624 -1.271676507 -2.745494828e-07
-1.410247094 -1.282802276 -2.844606228e-07
-1.45191286 -1.305053825 -2.979049514e-07
-1.486634334 -1.327305377 -3.118270516e-07
-1.528300104 -1.360682705 -3.279647142e-07
-1.576910162 -1.371808471 -3.423004453e-07
-1.618575926 -1.382934238 -3.550769009e-07
-1.667185981 -1.382934223 -3.674383551e-07
-1.715796035 -1.382934206 -3.803795886e-07
-1.722740321 -1.360682643 -3.774121614e-07
-1.736628904 -1.349556857 -3.785568041e-07
-1.750517487 -1.338431073 -3.801405177e-07
-1.764406066 -1.316179508 -3.797512725e-07
-1.771350352 -1.293927944 -3.76494538e-07
-1.778294638 -1.271676382 -3.739667673e-07
-1.792183216 -1.249424816 -3.728492665e-07
-1.799127502 -1.227173253 -3.7061168e-07
-1.806071783 -1.193795909 -3.668402687e-07
-1.826904651 -1.16041856 -3.660388591e-07
-1.83384894 -1.149292777 -3.66934151e-07
-1.840793229 -1.138166995 -3.666699298e-07
-1.833848924 -1.104789656 -3.59200321e-07
-1.840793209 -1.082538093 -3.572533605e-07
-1.847737498 -1.071412311 -3.569893497e-07
-1.854681779 -1.038034966 -3.540886383e-07
-1.86162606 -1.004657623 -3.503184264e-07
-1.861626052 -0.9824060629 -3.456524877e-07
-1.868570336 -0.9601544996 -3.447248261e-07
-1.882458914 -0.9379029339 -3.469558235e-07
-1.903291788 -0.926777146 -3.502432102e-07
-1.91718037 -0.9156513606 -3.540081549e-07
-1.931068943 -0.8822740137 -3.529587935e-07
-1.944957516 -0.8488966674 -3.526386415e-07
-1.951901796 -0.8155193235 -3.504685981e-07
-1.95884608 -0.7932677604 -3.505608701e-07
-1.972734657 -0.7710161942 -3.507560399e-07
-1.979678941 -0.7487646302 -3.504096478e-07
-1.986623233 -0.7487646275 -3.525499617e-07
-1.993567522 -0.7376388451 -3.538859583e-07
-2.000511801 -0.7042615011 -3.517168197e-07
-2.007456076 -0.6597583775 -3.487436127e-07
-2.014400351 -0.6152552531 -3.463504164e-07
-2.014400342 -0.5930036938 -3.457607125e-07
-2.021344626 -0.5707521292 -3.446863102e-07
-2.035233206 -0.5596263428 -3.480146739e-07
-2.042177489 -0.53737478 -3.491270547e-07
-2.049121768 -0.5039974359 -3.482676866e-07
-2.049121755 -0.4706200947 -3.462861884e-07
-2.056066042 -0.4594943113 -3.471842364e-07
-2.063010317 -0.414991187 -3.471197588e-07
-2.0699546 -0.3927396232 -3.477938087e-07
-2.076898878 -0.3593622804 -3.47084232e-07
-2.076898874 -0.3482364999 -3.468600621e-07
-2.083843166 -0.3482364969 -3.492913176e-07
-2.090787453 -0.3371107137 -3.512085732e-07
-2.104676033 -0.3259849272 -3.558470932e-07
-2.104676033 -0.3259849272 -3.558470932e-07
-2.11162032 -0.3148591451 -3.568948098e-07
-2.118564612 -0.3148591424 -3.590362633e-07
-2.118564608 -0.3037333616 -3.591021584e-07
-2.111620306 -0.2814818036 -3.552039971e-07
-2.111620293 -0.2481044632 -3.549708739e-07
-2.118564571 -0.2147271189 -3.554217778e-07
-2.118564561 -0.192475558 -3.549737852e-07
-2.111620256 -0.1590982199 -3.505614102e-07
-2.104675955 -0.1368466624 -3.473916588e-07
-2.104675941 -0.1034693213 -3.477382306e-07
-2.104675927 -0.07009197955 -3.473559577e-07
-2.097731626 -0.04784042265 -3.449147495e-07
-2.083843029 -0.01446308575 -3.395190557e-07
-2.076898719 0.03004003183 -3.376479228e-07
-2.076898706 0.06341737354 -3.372652993e-07
-2.0699544 0.09679471104 -3.359079384e-07
-2.076898674 0.141297836 -3.387523095e-07
-2.083842947 0.1858009595 -3.427647082e-07
-2.083842929 0.2303040812 -3.441955027e-07
-2.083842906 0.2859329825 -3.458411103e-07
-2.076898596 0.3304361022 -3.457085402e-07
-2.069954287 0.3749392207 -3.45724797e-07
-2.063009978 0.4194423397 -3.473393395e-07
-2.06300996 0.463945461 -3.484798901e-07
-2.063009937 0.519574362 -3.534711589e-07
-2.069954215 0.5529517068 -3.591579892e-07
-2.069954201 0.586329047 -3.622704394e-07
-2.069954188 0.6197063884 -3.652338347e-07
-2.063009874 0.6753352874 -3.686609746e-07
-2.056065566 0.7198384052 -3.717322982e-07
-2.049121261 0.7532157444 -3.741497693e-07
-2.042176962 0.7754673028 -3.728654966e-07
-2.042176953 0.7977188626 -3.775105477e-07
-2.042176935 0.8422219846 -3.815578991e-07
-2.042176917 0.8867251072 -3.872037711e-07
-2.035232605 0.9423540042 -3.938348993e-07
-2.028288297 0.9868571231 -3.977747276e-07
-2.021343989 1.031360241 -4.024431691e-07
-2.021343971 1.075863364 -4.101261659e-07
-2.007455369 1.13149226 -4.15331703e-07
-2.000511066 1.164869599 -4.194950525e-07
-2.014399632 1.198246945 -4.30823393e-07
-2.021343905 1.242750069 -4.403619372e-07
-2.007455312 1.276127405 -4.433982683e-07
-2.000511 1.331756304 -4.517669845e-07
-2.007455263 1.398510989 -4.688575527e-07
-2.00051096 1.431888327 -4.743288315e-07
-1.986622368 1.465265664 -4.769249592e-07
-1.972733767 1.520894559 -4.859127736e-07
-1.965789452 1.587649239 -4.997289437e-07
-1.965789426 1.654403921 -5.170000338e-07
-1.95884512 1.698907041 -5.264612246e-07
-1.944956524 1.743410156 -5.346532123e-07
-1.951900796 1.78791328 -5.485568638e-07
-1.958845068 1.832416405 -5.633304156e-07
-1.958845051 1.876919526 -5.761060462e-07
-1.965789327 1.910296869 -5.889262887e-07
-1.979677888 1.954799997 -6.0613772e-07
-1.979677875 1.988177338 -6.16810916e-07
-1.972733573 2.021554677 -6.248975528e-07
-1.965789267 2.066057795 -6.378530597e-07
-1.972733547 2.088309359 -6.471134453e-07
-1.972733539 2.11056092 -6.536463244e-07
-1.97967781 2.155064045 -6.704585511e-07
-1.979677801 2.177315605 -6.783001172e-07
-1.986622073 2.22181873 -6.958414871e-07
-1.986622064 2.244070291 -7.026643749e-07
-1.993566344 2.266321854 -7.146917225e-07
-1.993566339 2.277447634 -7.178132977e-07
-1.972733469 2.288573406 -7.157985911e-07
-1.965789172 2.310824964 -7.214917257e-07
-1.965789168 2.321950744 -7.253420371e-07
-1.958844875 2.333076522 -7.279135961e-07
-1.938012002 2.355328075 -7.285806893e-07
-1.924123421 2.36645385 -7.287136397e-07
-1.924123416 2.377579632 -7.316858657e-07
-1.924123404 2.410956971 -7.464333045e-07
-1.931067688 2.422082755 -7.50974404e-07
-1.938011972 2.433208539 -7.5740398e-07
-1.944956252 2.4554601 -7.690006905e-07
-1.944956243 2.477711661 -7.771318518e-07
-1.938011942 2.511089001 -7.88123915e-07
-1.93106765 2.522214777 -7.905540222e-07
-1.938011934 2.533340561 -7.977127094e-07
-1.931067637 2.555592119 -8.047135385e-07
-1.931067637 2.555592119 -8.047135385e-07
-1.938011921 2.566717903 -8.098348381e-07
-1.931067625 2.58896946 -8.180033757e-07
-1.9380119 2.622346805 -8.33003454e-07
-1.951900459 2.666849931 -8.560407012e-07
-1.951900442 2.711353054 -8.749204048e-07
-1.944956137 2.755856172 -8.909299511e-07
-1.944956128 2.778107733 -9.016783744e-07
-1.944956124 2.789233513 -9.058184878e-07
-1.938011828 2.811485072 -9.131085963e-07
-1.938011815 2.844862412 -9.284359967e-07
-1.944956094 2.867113976 -9.397356708e-07
-1.94495609 2.878239757 -9.457641941e-07
-1.951900373 2.88936554 -9.523440945e-07
-1.965788944 2.900491326 -9.623825936e-07
-1.979677515 2.911617112 -9.71402474e-07
-1.965788936 2.922742887 -9.718225646e-07
-1.965788936 2.922742887 -9.718225646e-07
-1.979677511 2.922742892 -9.76122521e-07
-1.986621794 2.933868673 -9.845993216e-07
-1.993566077 2.944994458 -9.913203689e-07
-2.000510361 2.956120241 -9.989193788e-07
-2.007454648 2.956120244 -1.001069445e-06
-2.014398931 2.967246027 -1.007210857e-06
-2.028287507 2.967246033 -1.011511055e-06
-2.042176077 2.978371818 -1.022279128e-06
-2.063008935 2.989497607 -1.033739788e-06
-2.083841793 3.000623396 -1.045929467e-06
-2.090786081 3.000623399 -1.048369546e-06
-2.097730373 2.989497621 -1.044780448e-06
-2.104674665 2.978371843 -1.042210036e-06
-2.118563245 2.96724607 -1.040911747e-06
-2.13245182 2.967246076 -1.045791721e-06
-2.14634039 2.978371861 -1.056270347e-06
-2.146340385 2.989497642 -1.060991095e-06
-2.139396098 2.989497639 -1.058551052e-06
-2.13245181 2.989497636 -1.056400895e-06
-2.139396098 2.989497639 -1.058551052e-06
-2.146340385 2.989497642 -1.060991095e-06
-2.167173257 2.96724609 -1.057121984e-06
-2.17411755 2.956120312 -1.055569951e-06
-2.181061833 2.967246096 -1.062001958e-06
-2.18800612 2.967246099 -1.064441945e-06
-2.17411755 2.956120312 -1.055569951e-06
-2.174117554 2.944994532 -1.050120243e-06
-2.174117554 2.944994532 -1.050120243e-06
-2.188006134 2.933868756 -1.050428236e-06
-2.194950422 2.933868759 -1.052868135e-06
-2.20189471 2.933868762 -1.055308035e-06
-2.208839007 2.911617206 -1.046119381e-06
-2.215783299 2.900491428 -1.044128074e-06
-2.215783309 2.878239868 -1.033957148e-06
-2.208839026 2.867114084 -1.025487757e-06
-2.208839031 2.855988304 -1.021346532e-06
-2.215783333 2.822610965 -1.008604369e-06
-2.222727636 2.789233627 -9.964418237e-07
-2.215783362 2.755856282 -9.79110337e-07
-2.201894796 2.733604716 -9.659490845e-07
-2.188006235 2.700227369 -9.464686228e-07
-2.181061961 2.666850024 -9.301565509e-07
-2.181061971 2.644598464 -9.20565705e-07
-2.174117688 2.633472681 -9.136955956e-07
-2.174117702 2.600095339 -8.995330039e-07
-2.174117716 2.566717999 -8.8580114e-07
-2.16022915 2.544466431 -8.722105096e-07
-2.167173452 2.511089093 -8.616464462e-07
-2.167173471 2.466585971 -8.443616302e-07
-2.167173485 2.433208631 -8.309197435e-07
-2.160229206 2.410957066 -8.218058745e-07
-2.188006369 2.388705517 -8.231368569e-07
-2.222727825 2.355328192 -8.215966978e-07
-2.236616407 2.344202417 -8.224811598e-07
-2.2435607 2.333076639 -8.215069851e-07
-2.264393575 2.310825088 -8.202491257e-07
-2.292170739 2.28857354 -8.224478554e-07
-2.313003615 2.266321989 -8.224978592e-07
-2.340780779 2.244070441 -8.226582293e-07
-2.368557949 2.210693112 -8.229002486e-07
-2.382446536 2.188441558 -8.194923236e-07
-2.396335119 2.177315785 -8.210958564e-07
-2.417168001 2.143938453 -8.181697979e-07
-2.444945166 2.121686905 -8.209452667e-07
-2.465778043 2.099435354 -8.209926683e-07
-2.486610931 2.054932242 -8.142126091e-07
-2.507443808 2.032680693 -8.157085961e-07
-2.514388102 2.021554916 -8.150223439e-07
-2.514388108 2.010429134 -8.120476281e-07
-2.514388119 1.988177574 -8.047813352e-07
-2.535220991 1.977051804 -8.085307508e-07
-2.562998158 1.954800258 -8.134817667e-07
-2.576886741 1.943674484 -8.165409975e-07
-2.576886747 1.932548704 -8.12398219e-07
-2.583831053 1.899171366 -8.048834857e-07
-2.576886781 1.865794021 -7.932232476e-07
-2.576886792 1.843542461 -7.856665355e-07
-2.583831093 1.821290904 -7.824352084e-07
-2.590775393 1.799039346 -7.790629308e-07
-2.59077541 1.765662005 -7.696906302e-07
-2.590775427 1.732284664 -7.597385469e-07
-2.590775438 1.710033103 -7.539293015e-07
-2.597719745 1.676655766 -7.485921104e-07
-2.61160834 1.643278432 -7.45691249e-07
-2.611608352 1.621026871 -7.398818282e-07
-2.611608358 1.60990109 -7.364677473e-07
-2.618552653 1.598775314 -7.376683553e-07
-2.625496948 1.587649537 -7.366906074e-07
-2.625496959 1.565397976 -7.317507434e-07
-2.625496971 1.543146415 -7.262310966e-07
-2.646329839 1.543146426 -7.346993808e-07
-2.681051293 1.532020664 -7.457853317e-07
-2.681051299 1.520894884 -7.439694802e-07
-2.674107009 1.52089488 -7.409535151e-07
-2.687995594 1.509769107 -7.432811485e-07
-2.701884179 1.498643334 -7.472071902e-07
-2.708828457 1.520894899 -7.557434437e-07
-2.71577274 1.532020682 -7.60285518e-07
-2.729661325 1.52089491 -7.645014423e-07
-2.736605609 1.532020693 -7.693334937e-07
-2.757438465 1.554272267 -7.834632835e-07
-2.778271334 1.554272278 -7.925114346e-07
-2.812992787 1.543146516 -8.059243439e-07
-2.875491393 1.543146551 -8.339382243e-07
-2.944934268 1.576523932 -8.73177108e-07
-3.014377143 1.609901313 -9.140162691e-07
-3.076875714 1.665530253 -9.589628924e-07
-3.13937429 1.710033413 -1.000346773e-06
-3.194928583 1.743410788 -1.037337121e-06
-3.250482876 1.776788165 -1.073450977e-06
-3.292148582 1.821291313 -1.107827635e-06
-3.340758577 1.865794466 -1.14682109e-06
-3.403257156 1.899171849 -1.188714418e-06
-3.465755734 1.932549232 -1.232497741e-06
-3.528254304 1.977052397 -1.27999048e-06
-3.590752872 2.021555562 -1.329083855e-06
-3.653251432 2.077184508 -1.382906446e-06
-3.694917132 2.12168766 -1.4215022e-06
-3.743527128 2.155065037 -1.459839007e-06
-3.785192819 2.210693969 -1.504912759e-06
-3.833802797 2.266322908 -1.553577756e-06
-3.868524206 2.310826056 -1.589890345e-06
-3.917134199 2.344203434 -1.631429871e-06
-3.965744183 2.388706593 -1.679007685e-06
-4.00046559 2.433209744 -1.71560578e-06
-4.049075572 2.477712902 -1.763915487e-06
-4.111574139 2.511090294 -1.816715584e-06
-4.146295535 2.566719225 -1.860813252e-06
-4.208794091 2.611222397 -1.920673501e-06
-4.264348367 2.644599785 -1.971188708e-06
-4.306014057 2.689102941 -2.0173574e-06
-4.347679747 2.733606098 -2.065266849e-06
-4.396289723 2.778109262 -2.117646442e-06
-4.444899699 2.822612425 -2.170027676e-06
-4.500453952 2.878241377 -2.234368288e-06
-4.549063896 2.956121883 -2.30487166e-06
-4.597673858 3.011750829 -2.364747932e-06
-4.64628383 3.056253994 -2.421493487e-06
-4.687949503 3.111882934 -2.478941513e-06
-4.722670899 3.156386088 -2.525881293e-06
-4.757392294 3.200889242 -2.574420763e-06
-4.799057964 3.256518183 -2.634341618e-06
-4.847667943 3.28989557 -2.686503774e-06
-4.89627791 3.334398739 -2.747615278e-06
-4.924055025 3.367776107 -2.786518295e-06
-4.944887854 3.401153468 -2.820520904e-06
-4.986553565 3.412279289 -2.858312695e-06
-5.049052125 3.434530912 -2.919036475e-06
-5.111550707 3.434530974 -2.968837105e-06
-5.160160716 3.434531024 -3.007957451e-06
-5.215714999 3.44565686 -3.059479003e-06
-5.271269283 3.456782699 -3.110413007e-06
-5.31987928 3.467908529 -3.157903899e-06
-5.375433563 3.479034368 -3.209128705e-06
-5.451820718 3.47903445 -3.273959296e-06
-5.5143193 3.479034517 -3.327529585e-06
-5.576817893 3.467908805 -3.377234327e-06
-5.639316475 3.467908873 -3.431963925e-06
-5.701815069 3.456783163 -3.47977123e-06
-5.771257963 3.43453168 -3.530360459e-06
-5.847645132 3.423405988 -3.594362835e-06
-5.91014374 3.401154499 -3.640189681e-06
-5.979586636 3.378903019 -3.693384715e-06
-6.055973806 3.36777733 -3.758974891e-06
-6.13236099 3.34552586 -3.819826863e-06
-6.201803887 3.323274384 -3.874898742e-06
-6.264302485 3.312148679 -3.930394746e-06
-6.340689684 3.278771433 -3.989254768e-06
-6.410132583 3.256519959 -4.047081226e-06
-6.47263121 3.223142696 -4.092069811e-06
-6.549018398 3.200891234 -4.159001813e-06
-6.625405587 3.178639773 -4.227092101e-06
-6.694848489 3.156388302 -4.287522555e-06
-6.771235663 3.145262623 -4.362238991e-06
-6.833734264 3.134136926 -4.424106003e-06
-6.903177152 3.12301124 -4.493481893e-06
-6.979564328 3.111885564 -4.570805523e-06
