-10.33367416 -6.25601576 -1.142422356e-05
-10.32672981 -6.233764214 -1.13919351e-05
-10.32672977 -6.211512652 -1.136901155e-05
-10.31978542 -6.189261107 -1.133643303e-05
-10.29895248 -6.167009588 -1.128061024e-05
-10.27811942 -6.089129168 -1.117249633e-05
-10.22256473 -5.944494137 -1.094703263e-05
-10.13228859 -5.822110735 -1.069065901e-05
-10.11839975 -5.699727181 -1.055827791e-05
-10.13923249 -5.621846677 -1.052251331e-05
-10.16700953 -5.543966159 -1.049728451e-05
-10.16006508 -5.466085711 -1.041866288e-05
-10.13923198 -5.365953731 -1.030070872e-05
-10.11839893 -5.28807331 -1.020247302e-05
-10.0975659 -5.22131867 -1.011577337e-05
-10.06284427 -5.154564058 -1.000611307e-05
-10.01423401 -5.065557911 -9.857397912e-06
-10.06284388 -4.954300013 -9.846336565e-06
-10.09062076 -4.798539033 -9.772222138e-06
-10.10450905 -4.642778083 -9.678643874e-06
-10.16700757 -4.564897496 -9.721225606e-06
-10.25033912 -4.553771548 -9.845568513e-06
-10.36144794 -4.576022884 -1.004184917e-05
-10.48644534 -4.598274188 -1.026166203e-05
-10.57672124 -4.60939978 -1.041784056e-05
-10.63227567 -4.631651226 -1.052663158e-05
-10.70866302 -4.665028406 -1.067811167e-05
-10.79893903 -4.731782897 -1.087957643e-05
-10.8753264 -4.776285856 -1.104228739e-05
-10.94476946 -4.809663047 -1.118525296e-05
-10.97949097 -4.820788753 -1.125409905e-05
-11.01421251 -4.843040238 -1.132952541e-05
-11.0281012 -4.887543329 -1.138798549e-05
-11.04198992 -4.9431722 -1.145419334e-05
-11.05587864 -4.998801071 -1.152330776e-05
-11.07671163 -5.043304147 -1.159273292e-05
-11.0906003 -5.076681457 -1.164402265e-05
-11.11143329 -5.121184534 -1.171577398e-05
-11.13921059 -5.165687594 -1.180008942e-05
-11.18782082 -5.232442168 -1.193876102e-05
-11.20170952 -5.276945259 -1.200114202e-05
-11.24337548 -5.354825629 -1.213920882e-05
-11.22948694 -5.37707722 -1.213350097e-05
-11.18087701 -5.454957789 -1.211461865e-05
-11.15310004 -5.555089872 -1.215198246e-05
-11.13921159 -5.621844584 -1.218730606e-05
-11.18087753 -5.688599174 -1.231806055e-05
-11.24337669 -5.899988862 -1.261894041e-05
-11.27115446 -6.155881745 -1.291052433e-05
-11.29893227 -6.434026189 -1.323490746e-05
-11.24337846 -6.701045038 -1.341025062e-05
-11.20171337 -7.023692757 -1.368568208e-05
-11.17393675 -7.290711545 -1.393732432e-05
-11.19477037 -7.613359124 -1.435038936e-05
-11.22254829 -7.93600669 -1.479244746e-05
-11.27810347 -8.280905753 -1.532916701e-05
-11.36143595 -8.659182094 -1.59794805e-05
-11.38921384 -8.959578098 -1.644426201e-05
-11.4586575 -9.237722447 -1.696450355e-05
-11.49337963 -9.504741094 -1.741974177e-05
-11.53504624 -9.849640185 -1.801927243e-05
-11.59060134 -10.13891034 -1.857287248e-05
-11.61837924 -10.43930635 -1.910829476e-05
-11.646157 -10.67294766 -1.954588545e-05
-11.6600463 -10.9733437 -2.008091987e-05
-11.66699133 -11.28486553 -2.063776777e-05
-11.61838181 -11.56301014 -2.104699112e-05
-11.62532681 -11.86340619 -2.161267808e-05
-11.56282844 -12.04141881 -2.183285503e-05
-11.52116312 -12.27506029 -2.220300801e-05
-11.52116375 -12.5532048 -2.274575189e-05
-11.45866555 -12.80909788 -2.314177219e-05
-11.45866633 -13.15399706 -2.384285596e-05
-11.47950004 -13.4988962 -2.460280451e-05
-11.43089039 -13.73253769 -2.501352791e-05
-11.31978195 -13.96617932 -2.532345277e-05
-11.2156178 -14.19982094 -2.565625831e-05
-11.14617528 -14.46683981 -2.61348104e-05
-11.06978846 -14.74498448 -2.66400004e-05
-11.02812309 -14.97862595 -2.711247839e-05
-10.95868048 -15.21226749 -2.754614083e-05
-10.84062769 -15.4570349 -2.793338592e-05
-10.73646349 -15.6906765 -2.832836994e-05
-10.63229928 -15.9243181 -2.873355156e-05
-10.51424642 -16.14683395 -2.909835111e-05
-10.32675026 -16.30259526 -2.918958535e-05
-10.18092001 -16.46948225 -2.938403795e-05
-10.11842165 -16.70312376 -2.989315512e-05
-10.00036854 -16.82550757 -3.002852416e-05
-9.882315453 -16.95901716 -3.019927932e-05
-9.757318108 -17.12590411 -3.045319579e-05
-9.618432081 -17.27053951 -3.063278649e-05
-9.562877895 -17.4485521 -3.103310679e-05
-9.465657789 -17.61543898 -3.134854995e-05
-9.347604689 -17.76007434 -3.157552577e-05
-9.236495918 -17.91583546 -3.185029109e-05
-9.180941711 -18.09384804 -3.227230945e-05
-9.12538754 -18.29411219 -3.276468601e-05
-9.12538792 -18.50550201 -3.337531822e-05
-9.132332576 -18.69464025 -3.393773648e-05
-9.097611229 -18.82814968 -3.428010996e-05
-9.062889782 -18.9060302 -3.446225847e-05
-9.069834317 -19.02841377 -3.483588979e-05
-9.104556065 -19.11741995 -3.515087977e-05
-9.208721052 -19.23980334 -3.566991378e-05
-9.271220014 -19.29543212 -3.592711726e-05
-9.340663317 -19.36218668 -3.623064095e-05
-9.410106621 -19.42894123 -3.653575965e-05
-9.500382902 -19.50682152 -3.690761249e-05
-9.604547802 -19.57357601 -3.726796954e-05
-9.729545659 -19.64033045 -3.766155302e-05
-9.896209453 -19.71821059 -3.815843352e-05
-10.03509596 -19.78496499 -3.858243073e-05
-10.1045391 -19.7627133 -3.862286501e-05
-10.18787101 -19.80721625 -3.889253728e-05
-10.2295369 -19.79609039 -3.892375691e-05
-10.27120274 -19.76271296 -3.888871082e-05
-10.31981311 -19.82946754 -3.917303882e-05
-10.38925632 -19.84059318 -3.932151478e-05
-10.40314484 -19.78496426 -3.917095324e-05
-10.45869925 -19.71820946 -3.905422315e-05
-10.49342066 -19.62920315 -3.883698955e-05
-10.49342057 -19.58470003 -3.869893672e-05
-10.54203082 -19.59582571 -3.881432718e-05
-10.5906411 -19.61807717 -3.896161072e-05
-10.67397299 -19.65145433 -3.920358555e-05
-10.77119371 -19.77383771 -3.974568897e-05
-10.8684145 -19.92959842 -4.039465819e-05
-10.96563516 -20.01860445 -4.084076029e-05
-11.02118973 -20.02973011 -4.097098557e-05
-11.09063311 -20.1187362 -4.137118464e-05
-11.25035292 -20.33012567 -4.232109906e-05
-11.19479873 -20.49701249 -4.275774633e-05
-11.22257648 -20.70840225 -4.348942958e-05
-11.20174379 -20.83078588 -4.385154082e-05
-11.11146773 -20.8752892 -4.383897712e-05
-11.10452343 -20.88641499 -4.386430836e-05
-11.03508013 -20.84191202 -4.359824778e-05
-10.90313774 -20.69727717 -4.290070442e-05
-10.68786354 -20.56376826 -4.210535521e-05
-10.47953356 -20.37463044 -4.115224723e-05
-10.27120358 -20.17436682 -4.017751806e-05
-10.0906507 -19.8850969 -3.898051807e-05
-10.06287319 -19.76271338 -3.855698335e-05
-10.05592867 -19.66258137 -3.823541384e-05
-10.16703774 -19.65145537 -3.837726639e-05
-10.19481506 -19.67370688 -3.848973034e-05
-10.19481504 -19.6625811 -3.845579772e-05
-10.17398204 -19.64032958 -3.835368203e-05
-10.11148313 -19.61807814 -3.818539215e-05
-9.958707862 -19.48456908 -3.753650933e-05
-9.937874799 -19.42894022 -3.733476743e-05
-9.951763544 -19.4845691 -3.752543169e-05
-9.937874886 -19.47344335 -3.747123112e-05
-9.958707928 -19.51794643 -3.763845926e-05
-9.889264659 -19.47344344 -3.739600656e-05
-9.729545127 -19.36218595 -3.681071185e-05
-9.569825645 -19.27318001 -3.630052973e-05
-9.472605173 -19.26205441 -3.61215047e-05
-9.326774476 -19.2509289 -3.587347875e-05
-9.167055185 -19.26205497 -3.567580722e-05
-9.000391535 -19.25092949 -3.540556113e-05
-8.875393755 -19.21755237 -3.512955858e-05
-8.722618705 -19.18417529 -3.481968348e-05
-8.597620966 -19.17304973 -3.461720999e-05
-8.472623283 -19.1953015 -3.45165469e-05
-8.35456988 -19.19530169 -3.436126179e-05
-8.125407285 -19.12854738 -3.386406873e-05
-7.972632173 -19.05066717 -3.343958136e-05
-7.674026314 -18.91715826 -3.267577384e-05
-7.507362597 -18.85040383 -3.228131763e-05
-7.437919342 -18.79477504 -3.203589667e-05
-7.424030724 -18.80590084 -3.205144245e-05
-7.437919423 -18.85040394 -3.220038344e-05
-7.45180814 -18.90603282 -3.23806509e-05
-7.493474159 -18.98391322 -3.266079735e-05
-7.535140147 -19.03954205 -3.287465217e-05
-7.590694704 -19.05066775 -3.297432479e-05
-7.604583356 -19.06179351 -3.302491795e-05
-7.583750386 -19.05066776 -3.296614492e-05
-7.56291745 -19.06179357 -3.297554908e-05
-7.500418526 -19.01729054 -3.276775315e-05
-7.472641239 -19.0061648 -3.270195893e-05
-7.44486392 -18.97278751 -3.257046255e-05
-7.424030951 -18.96166176 -3.251386646e-05
-7.4101423 -18.950536 -3.246356189e-05
-7.396253584 -18.89490712 -3.228198516e-05
-7.354587551 -18.80590094 -3.197137676e-05
-7.326810202 -18.75027208 -3.177678289e-05
-7.292088536 -18.69464323 -3.157327821e-05
-7.27819987 -18.67239169 -3.149149495e-05
-7.264311172 -18.62788859 -3.134516759e-05
-7.229589539 -18.59451129 -3.120882141e-05
-7.208756525 -18.55000821 -3.105504048e-05
-7.215700763 -18.49437929 -3.09020763e-05
-7.215700747 -18.48325352 -3.086914985e-05
-7.201812098 -18.47212775 -3.082188987e-05
-7.208756462 -18.50550509 -3.092624168e-05
-7.215700763 -18.49437929 -3.09020763e-05
-7.23653373 -18.50550505 -3.095780729e-05
-7.27125533 -18.51663078 -3.102946168e-05
-7.299032613 -18.52775652 -3.109366339e-05
-7.31986558 -18.53888227 -3.11495346e-05
-7.354587165 -18.53888222 -3.118957095e-05
-7.36847575 -18.50550486 -3.110861362e-05
-7.361531385 -18.47212753 -3.100368404e-05
-7.340698338 -18.40537287 -3.078594093e-05
-7.340698274 -18.36086975 -3.065874288e-05
-7.319865212 -18.28298932 -3.04106896e-05
-7.292087834 -18.20510891 -3.015547174e-05
-7.236533207 -18.1383543 -2.990145996e-05
-7.201811562 -18.09385123 -2.97356674e-05
-7.18097855 -18.04934814 -2.958711656e-05
-7.132368196 -17.94921619 -2.925006282e-05
-7.083757813 -17.82683268 -2.885150796e-05
-7.021258785 -17.6933234 -2.841150628e-05
-7.007370031 -17.60431718 -2.815018237e-05
-7.049035894 -17.58206556 -2.813445703e-05
-7.042091563 -17.5709398 -2.809567348e-05
-7.062924587 -17.62656867 -2.827192302e-05
-7.083757658 -17.71557488 -2.854346579e-05
-7.08375772 -17.760078 -2.866572354e-05
-7.08375772 -17.760078 -2.866572354e-05
-7.09070202 -17.74895221 -2.864272739e-05
-7.104590729 -17.80458109 -2.881340862e-05
-7.097646429 -17.81570688 -2.88371337e-05
-7.153201097 -17.91583882 -2.917917703e-05
-7.2226444 -18.01597074 -2.953903901e-05
-7.319864955 -18.10497685 -2.990262486e-05
-7.389308199 -18.16060564 -3.014050459e-05
-7.444862828 -18.22736024 -3.039523265e-05
-7.479584509 -18.29411487 -3.062672098e-05
-7.451807259 -18.30524069 -3.062662915e-05
-7.403197043 -18.30524077 -3.057022606e-05
-7.382364109 -18.31636658 -3.057758762e-05
-7.347642542 -18.32749241 -3.057047422e-05
-7.278199392 -18.33861828 -3.052317307e-05
-7.208756178 -18.30524104 -3.034809245e-05
-7.174034548 -18.27186375 -3.021333984e-05
-7.11848 -18.26073805 -3.011974503e-05
-7.090702749 -18.27186387 -3.012037498e-05
-7.042092533 -18.27186394 -3.006658031e-05
-7.028203931 -18.29411552 -3.011432341e-05
-7.00042668 -18.30524134 -3.011655262e-05
-6.965705097 -18.30524138 -3.007854243e-05
-6.930983499 -18.29411565 -3.000847426e-05
-6.903206217 -18.28298991 -2.994673673e-05
-6.875428921 -18.26073839 -2.985337972e-05
-6.861540243 -18.22736106 -2.974214965e-05
-6.861540243 -18.22736106 -2.974214965e-05
-6.861540273 -18.24961262 -2.980611714e-05
-6.875428921 -18.26073839 -2.985337972e-05
-6.889317584 -18.28298993 -2.993211233e-05
-6.917094866 -18.29411567 -2.999327012e-05
-6.937927861 -18.32749298 -3.011239101e-05
-6.972649444 -18.32749293 -3.015011102e-05
-6.986538077 -18.32749291 -3.016560486e-05
-6.993482409 -18.33861868 -3.020511551e-05
-7.007371043 -18.33861867 -3.02203194e-05
-6.993482333 -18.28298978 -3.004498421e-05
-6.993482302 -18.26073822 -2.998174667e-05
-6.986537894 -18.19398355 -2.978268417e-05
-6.972649246 -18.18285779 -2.973615055e-05
-6.965704929 -18.1828578 -2.972883808e-05
-6.924039016 -18.17173208 -2.965058613e-05
-6.903206051 -18.16060633 -2.959702949e-05
-6.889317433 -18.17173213 -2.961315396e-05
-6.882373132 -18.18285792 -2.963847944e-05
-6.896261825 -18.22736102 -2.977958108e-05
-6.930983514 -18.30524143 -3.004082213e-05
-6.958760887 -18.38312185 -3.029503909e-05
-7.00042691 -18.47212804 -3.059796482e-05
-7.042092934 -18.56113422 -3.090234541e-05
-7.035148632 -18.57226001 -3.092738138e-05
-7.021259999 -18.57226003 -3.091188882e-05
-7.021259983 -18.56113425 -3.087954132e-05
-7.014315636 -18.5388827 -3.080666513e-05
-6.993482593 -18.47212804 -3.059036322e-05
-7.028204131 -18.43875066 -3.053220672e-05
-7.028204069 -18.39424754 -3.040267604e-05
-7.049036973 -18.36087017 -3.03301869e-05
-7.055981213 -18.30524126 -3.017765881e-05
-7.04903685 -18.27186393 -3.007418244e-05
-7.062925468 -18.26073813 -3.005805811e-05
-7.097647019 -18.23848652 -3.003239328e-05
-7.167090169 -18.22736064 -3.0077518e-05
-7.222644685 -18.21623478 -3.010918635e-05
-7.222644574 -18.13835432 -2.988567522e-05
-7.236533191 -18.12722852 -2.987216958e-05
-7.305976403 -18.16060576 -3.004492717e-05
-7.38236398 -18.22736033 -3.032246409e-05
-7.458751592 -18.31636646 -3.066642777e-05
-7.465696039 -18.40537269 -3.093059995e-05
-7.417085741 -18.34974387 -3.071422542e-05
-7.347642526 -18.31636663 -3.053783822e-05
-7.271255027 -18.30524096 -3.041882993e-05
-7.264310759 -18.3386183 -3.05070995e-05
-7.30597685 -18.47212761 -3.093997233e-05
-7.340698579 -18.57225958 -3.127082676e-05
-7.368475992 -18.67239156 -3.159494715e-05
-7.389309089 -18.77252355 -3.191365116e-05
-7.424030838 -18.8837813 -3.228178066e-05
-7.458752571 -18.98391327 -3.262018707e-05
-7.493474323 -19.09517101 -3.299325547e-05
-7.53514041 -19.21755453 -3.34091731e-05
-7.535140575 -19.32881233 -3.374585347e-05
-7.562918029 -19.45119587 -3.415137122e-05
-7.569862546 -19.58470522 -3.456760327e-05
-7.576807014 -19.68483723 -3.488491076e-05
-7.590695784 -19.77384345 -3.517689099e-05
-7.604584604 -19.89622701 -3.55733182e-05
-7.653195103 -20.07423942 -3.618994678e-05
-7.708749892 -20.23000025 -3.674990723e-05
-7.778193442 -20.46364153 -3.757908641e-05
-7.833748341 -20.68615704 -3.836581141e-05
-7.882358873 -20.87529523 -3.904092641e-05
-7.95180237 -21.06443338 -3.975014924e-05
-7.993468607 -21.26469735 -4.046643032e-05
-8.049023524 -21.48721287 -4.128249814e-05
-8.118467071 -21.69860258 -4.20848786e-05
-8.201799249 -21.89886648 -4.287764414e-05
-8.312908739 -22.11025612 -4.375111351e-05
-8.41012952 -22.27714266 -4.445966555e-05
-8.472628697 -22.44402926 -4.512619933e-05
-8.549016466 -22.57753849 -4.569996723e-05
-8.618459879 -22.68879617 -4.618735042e-05
-8.67401465 -22.80005388 -4.666028442e-05
-8.764291037 -22.91131152 -4.718334698e-05
-8.840678744 -23.00031763 -4.760881026e-05
-8.889289258 -23.14495268 -4.819907795e-05
-8.958732666 -23.24508458 -4.866033756e-05
-8.99345444 -23.33409076 -4.90337416e-05
-9.021231754 -23.34521649 -4.911444208e-05
-9.049009088 -23.367468 -4.923518397e-05
-9.062897715 -23.35634219 -4.921480902e-05
-9.097619352 -23.36746791 -4.930424901e-05
-9.15317402 -23.41197093 -4.954616954e-05
-9.2295616 -23.42309657 -4.969752283e-05
-9.292060512 -23.42309646 -4.97881416e-05
-9.396225407 -23.44534783 -5.002236191e-05
-9.465668664 -23.45647348 -5.016583484e-05
-9.514278909 -23.44534761 -5.019716945e-05
-9.618443784 -23.45647319 -5.039394856e-05
-9.771218926 -23.46759868 -5.066601855e-05
-9.896216751 -23.46759844 -5.085826989e-05
-9.951771254 -23.42309521 -5.078126393e-05
-10.02121442 -23.38971774 -5.076702017e-05
-10.11149052 -23.33408866 -5.070458109e-05
-10.208711 -23.3118369 -5.077828483e-05
-10.27815417 -23.27845942 -5.076839565e-05
-10.32676434 -23.23395621 -5.06845399e-05
-10.38926323 -23.2228303 -5.074497526e-05
-10.41704027 -23.10044666 -5.03453072e-05
-10.50037197 -23.01144025 -5.016011839e-05
-10.59064807 -22.96693694 -5.014833915e-05
-10.69481282 -22.92243361 -5.016159906e-05
-10.72953423 -22.82230151 -4.986021754e-05
-10.75036696 -22.71104367 -4.949782552e-05
-10.7781439 -22.54415691 -4.895358021e-05
-10.81286523 -22.41064748 -4.854066836e-05
-10.85453085 -22.26601225 -4.810344278e-05
-10.87536351 -22.12137706 -4.763650484e-05
-10.85453019 -21.95449041 -4.702352182e-05
-10.80591956 -21.77647803 -4.633072128e-05
-10.75730898 -21.62071722 -4.571843848e-05
-10.76425299 -21.47608206 -4.524245003e-05
-10.77814126 -21.29806955 -4.46677438e-05
-10.75036364 -21.14230869 -4.410174844e-05
-10.70175293 -20.9197932 -4.32861494e-05
-10.60453196 -20.68615202 -4.236244447e-05
-10.54203246 -20.38575609 -4.129137225e-05
-10.56286505 -20.20774357 -4.075798825e-05
-10.60453055 -20.00747944 -4.019534924e-05
-10.66702902 -19.81834105 -3.970844996e-05
-10.75730472 -19.60695104 -3.920600079e-05
-10.83369186 -19.44006417 -3.882469194e-05
-10.84063587 -19.29542902 -3.83962795e-05
-10.87535706 -19.10629069 -3.788648473e-05
-10.91702258 -18.92827812 -3.742591944e-05
-10.90313347 -18.70576255 -3.674509602e-05
-10.88924455 -18.57225321 -3.633149205e-05
-10.86841127 -18.41649234 -3.584360145e-05
-10.84757779 -18.17172522 -3.51055056e-05
-10.81980008 -17.96033546 -3.446015157e-05
-10.77813373 -17.74894573 -3.379714258e-05
-10.74341166 -17.51530442 -3.309232375e-05
-10.7017452 -17.24828579 -3.229455143e-05
-10.64619015 -16.99239296 -3.15156641e-05
-10.54896925 -16.75875178 -3.073579984e-05
-10.47258143 -16.58073946 -3.014442056e-05
-10.382305 -16.41385295 -2.956465045e-05
-10.27119555 -16.20246335 -2.884525083e-05
-10.19480761 -15.95769634 -2.810477264e-05
-10.12536401 -15.7240551 -2.741395549e-05
-10.05592053 -15.54604275 -2.686704201e-05
-9.910089416 -15.26789854 -2.596749058e-05
-9.819812881 -15.02313155 -2.524635105e-05
-9.76425785 -14.74498716 -2.451215358e-05
-9.701758726 -14.57810058 -2.403275183e-05
-9.639259669 -14.44459133 -2.363478057e-05
-9.569816158 -14.23320164 -2.305375364e-05
-9.500372736 -14.06631507 -2.258125824e-05
-9.417040676 -13.88830274 -2.20655707e-05
-9.347597202 -13.68803883 -2.153211358e-05
-9.292042537 -13.58790691 -2.123666943e-05
-9.229543523 -13.46552344 -2.088595862e-05
-9.167044392 -13.27638529 -2.040041427e-05
-9.118433945 -13.12062446 -2.000788505e-05
-9.055934842 -12.94261209 -1.955538408e-05
-8.958714218 -12.77572556 -1.90811621e-05
-8.861493678 -12.65334215 -1.870297476e-05
-8.778161607 -12.44195247 -1.817014642e-05
-8.687885253 -12.24168858 -1.765883012e-05
-8.583720365 -12.08592784 -1.722119996e-05
-8.465666831 -11.90791555 -1.672879913e-05
-8.34761325 -11.69652592 -1.618168001e-05
-8.243448348 -11.51851361 -1.57222102e-05
-8.153172049 -11.3293755 -1.526757295e-05
-8.062895775 -11.15136316 -1.484002311e-05
-7.972619542 -10.99560238 -1.445634256e-05
-7.861510447 -10.87321897 -1.410856975e-05
-7.764289986 -10.76196132 -1.380064744e-05
-7.694846654 -10.58394894 -1.341814928e-05
-7.62540341 -10.46156546 -1.313364966e-05
-7.521238706 -10.38368516 -1.288252402e-05
-7.410129717 -10.31693064 -1.264432908e-05
-7.312909277 -10.20567298 -1.235336295e-05
-7.229577436 -10.08328951 -1.20634693e-05
-7.146245647 -9.994283391 -1.182972671e-05
-7.04902525 -9.905277285 -1.158334746e-05
-6.965693344 -9.727264915 -1.121778131e-05
-6.840695737 -9.638258845 -1.094684181e-05
-6.729586713 -9.527001191 -1.066235941e-05
-6.639310477 -9.315611487 -1.025549726e-05
-6.542089902 -9.070844448 -9.802552508e-06
-6.437925215 -8.970712559 -9.55508659e-06
-6.305983414 -8.948461165 -9.391108144e-06
-6.174041574 -8.892832425 -9.18533483e-06
-6.04209971 -8.814952122 -8.950914547e-06
-5.89626927 -8.759323393 -8.737121949e-06
-5.743494503 -8.681443106 -8.49300709e-06
-5.604608385 -8.63694014 -8.308398201e-06
-5.49349941 -8.525682459 -8.06185495e-06
-5.340724669 -8.458927941 -7.843783084e-06
-5.160172832 -8.503431249 -7.754777056e-06
-4.972676678 -8.536808776 -7.650781597e-06
-4.79906916 -8.603563624 -7.607334976e-06
-4.611572999 -8.636941138 -7.514806063e-06
-4.43102115 -8.681444419 -7.448295306e-06
-4.250469241 -8.659193012 -7.294669725e-06
-4.069917299 -8.592438479 -7.086350491e-06
-3.910198245 -8.492306583 -6.853443635e-06
-3.764367804 -8.39217467 -6.632004097e-06
-3.639370285 -8.303168521 -6.443868325e-06
-3.48659559 -8.258665506 -6.300484266e-06
-3.29909939 -8.225288292 -6.158364097e-06
-3.139380398 -8.180785272 -6.021843931e-06
-2.979661408 -8.136282247 -5.886759618e-06
-2.792165228 -8.125156573 -5.788500161e-06
-2.604669056 -8.125156672 -5.709494268e-06
-2.451894391 -8.114030968 -5.634443229e-06
-2.264398223 -8.125156835 -5.579770365e-06
-2.042180542 -8.136282709 -5.518694118e-06
-1.917183084 -8.114031198 -5.451709858e-06
-1.778297023 -8.091779688 -5.383090569e-06
-1.57691225 -8.102905534 -5.345339216e-06
-1.389416081 -8.11403137 -5.314871153e-06
-1.208864219 -8.147408756 -5.321287254e-06
-1.042200965 -8.203037694 -5.363084749e-06
-0.8894263167 -8.280918185 -5.440126139e-06
-0.7435959654 -8.34767289 -5.509459434e-06
-0.5977656115 -8.425553371 -5.595744592e-06
-0.424158044 -8.547936969 -5.744693963e-06
-0.2297175589 -8.692572126 -5.930643445e-06
-0.06305427705 -8.814955712 -6.095247095e-06
0.08972040498 -8.926213513 -6.249765378e-06
0.2702723095 -9.03747131 -6.412652825e-06
0.4508242228 -9.159854878 -6.596562894e-06
0.6174875337 -9.259986883 -6.755464478e-06
0.7494293242 -9.326741545 -6.866985257e-06
0.8535939023 -9.404621991 -6.993364778e-06
0.9577584858 -9.493628215 -7.141654337e-06
1.075811685 -9.593760211 -7.310644519e-06
1.20080919 -9.682766427 -7.466952483e-06
1.325806703 -9.782898417 -7.644437252e-06
1.471637143 -9.905281959 -7.865756025e-06
1.582746066 -10.03879129 -8.100582191e-06
1.714687909 -10.16117483 -8.329363367e-06
1.825796836 -10.27243259 -8.537823961e-06
1.923017149 -10.36143879 -8.709780555e-06
2.027181766 -10.43931922 -8.869622587e-06
2.145235003 -10.52832541 -9.053660727e-06
2.249399642 -10.63958317 -9.275318047e-06
2.360508587 -10.73971514 -9.483545555e-06
2.450784638 -10.88435024 -9.761685948e-06
2.492450564 -11.0623627 -1.008528305e-05
2.513283528 -11.15136893 -1.024824739e-05
2.471617714 -11.20699785 -1.032914605e-05
2.492450684 -11.30712986 -1.051518899e-05
2.478562092 -11.35163299 -1.058717704e-05
2.485506448 -11.45176501 -1.077020656e-05
2.50633943 -11.57414858 -1.099921136e-05
2.49245088 -11.70765795 -1.123793343e-05
2.409119226 -11.78553845 -1.134850803e-05
2.332731882 -11.87454473 -1.148570117e-05
2.367453478 -11.99692829 -1.172717021e-05
2.360509248 -12.163815 -1.204156967e-05
2.325787763 -12.28619859 -1.226169446e-05
2.291066271 -12.39745641 -1.246688038e-05
2.256344783 -12.51984001 -1.269281316e-05
2.20773467 -12.63109783 -1.289526193e-05
2.138291633 -12.75348144 -1.311580365e-05
2.124403071 -12.88699081 -1.337966297e-05
2.082737275 -13.03162597 -1.365996312e-05
2.006349937 -13.1985127 -1.397869385e-05
1.874408124 -13.38765101 -1.433231964e-05
1.811909403 -13.5767893 -1.471532715e-05
1.735522048 -13.74367603 -1.505117798e-05
1.617468821 -13.89943699 -1.535760298e-05
1.506359895 -14.04407216 -1.564782967e-05
1.416083901 -14.21095889 -1.599732411e-05
1.360529455 -14.36671983 -1.633496177e-05
1.284142071 -14.52248077 -1.667210488e-05
1.166088807 -14.65599016 -1.695454525e-05
1.075812791 -14.82287688 -1.732375926e-05
0.9508152132 -15.01201517 -1.774705133e-05
0.8466505613 -15.19002767 -1.81553095e-05
0.7633188416 -15.37916594 -1.859729829e-05
0.6591541799 -15.59055578 -1.909901653e-05
0.5549895071 -15.77969405 -1.955500882e-05
0.4369361969 -15.93545498 -1.993333906e-05
0.3466601323 -16.06896435 -2.026289064e-05
0.2702726898 -16.19134794 -2.056834566e-05
0.1730523023 -16.3248573 -2.090565282e-05
0.0897205379 -16.45836666 -2.124716735e-05
0.01333308338 -16.59187603 -2.159238093e-05
-0.06305437515 -16.72538539 -2.194151265e-05
-0.1880520388 -16.8255174 -2.220780334e-05
-0.2574951909 -16.94790098 -2.253348505e-05
-0.3199940306 -17.05915878 -2.28335495e-05
-0.4172144474 -17.15929079 -2.310825644e-05
-0.514434868 -17.2594228 -2.338542418e-05
-0.6116552939 -17.37068059 -2.369596958e-05
-0.7019314054 -17.45968682 -2.39496923e-05
-0.8408177309 -17.55981882 -2.424117024e-05
-0.9519267948 -17.63769926 -2.44721392e-05
-1.056091539 -17.68220236 -2.461115176e-05
-1.188033557 -17.76008279 -2.4850425e-05
-1.333864216 -17.86021478 -2.515949372e-05
-1.479694871 -17.92696942 -2.537855347e-05
-1.63941417 -18.01597561 -2.566812632e-05
-1.785244834 -18.08273024 -2.589718335e-05
-1.924131168 -18.10498175 -2.600032777e-05
-2.063017508 -18.13835904 -2.613756937e-05
-2.188015237 -18.21623944 -2.640269916e-05
-2.313012928 -18.20511361 -2.641440713e-05
-2.438010657 -18.27186823 -2.665208771e-05
-2.556064032 -18.26074239 -2.666677713e-05
-2.653284458 -18.24961656 -2.667358634e-05
-2.75050489 -18.24961651 -2.671450124e-05
-2.861613948 -18.23849067 -2.673202688e-05
-2.993555929 -18.18286169 -2.663407288e-05
-3.076887699 -18.13835852 -2.654541162e-05
-3.160219489 -18.12723269 -2.655660261e-05
-3.229662603 -18.04935219 -2.636885265e-05
-3.319938685 -18.00484901 -2.628926011e-05
-3.417159059 -17.92696849 -2.61207817e-05
-3.514379438 -17.86021374 -2.598670058e-05
-3.618544154 -17.82683632 -2.595004131e-05
-3.736597517 -17.81571046 -2.598853504e-05
-3.806040635 -17.76008151 -2.587350857e-05
-3.882428067 -17.70445255 -2.576362868e-05
-4.007425734 -17.68220089 -2.578042042e-05
-4.125479083 -17.65994924 -2.579380987e-05
-4.257421007 -17.57094289 -2.563438285e-05
-4.375474306 -17.49306233 -2.550081177e-05
-4.486583294 -17.42630755 -2.539285468e-05
-4.611580911 -17.35955276 -2.53009984e-05
-4.71574562 -17.3373011 -2.531674081e-05
-4.87546485 -17.31504939 -2.53759286e-05
-5.021295383 -17.22604301 -2.524742456e-05
-5.167125887 -17.11478506 -2.506337191e-05
-5.3337894 -17.07028177 -2.508144175e-05
-5.521285782 -16.95902377 -2.494407136e-05
-5.708782168 -16.85889154 -2.484297925e-05
-5.868501289 -16.75875934 -2.472453031e-05
-5.97961019 -16.64750141 -2.453470997e-05
-6.104607781 -16.59187236 -2.450775593e-05
-6.22960537 -16.53624331 -2.448487389e-05
-6.319881357 -16.45836274 -2.437131311e-05
-6.37543573 -16.34710487 -2.414011438e-05
-6.424045843 -16.28035013 -2.401775922e-05
-6.458767285 -16.18021806 -2.379797571e-05
-6.514321681 -16.09121175 -2.362886248e-05
-6.56293179 -16.02445701 -2.3511601e-05
-6.611541811 -15.89094758 -2.32267256e-05
-6.653207458 -15.71293505 -2.282870365e-05
-6.646262897 -15.52379679 -2.235728131e-05
-6.708761551 -15.40141313 -2.212624084e-05
-6.75042719 -15.2234006 -2.174277716e-05
-6.805981481 -15.0676396 -2.143079736e-05
-6.833758476 -14.8785013 -2.10175162e-05
-6.805981019 -14.72274042 -2.06251107e-05
-6.805980945 -14.66711152 -2.049697056e-05
-6.826813641 -14.48909901 -2.011206582e-05
-6.799036098 -14.26658344 -1.958040329e-05
-6.812924243 -13.91055846 -1.880908646e-05
-6.778202571 -13.82155227 -1.857870516e-05
-6.750425196 -13.72142028 -1.833289642e-05
-6.715703468 -13.58791097 -1.801020421e-05
-6.694870377 -13.46552741 -1.772825392e-05
-6.687925891 -13.33201806 -1.744052995e-05
-6.68098142 -13.20963449 -1.717832117e-05
-6.674036994 -13.12062826 -1.698798831e-05
-6.653203876 -12.97599314 -1.666984249e-05
-6.618482213 -12.88698695 -1.645354853e-05
-6.590704832 -12.77572918 -1.62003876e-05
-6.576816013 -12.61996828 -1.587627009e-05
-6.521261371 -12.48645899 -1.55565852e-05
-6.465706704 -12.33069814 -1.519662825e-05
-6.41709632 -12.15268571 -1.480562281e-05
-6.354597351 -11.99692487 -1.444777422e-05
-6.278209757 -11.83003826 -1.406021136e-05
-6.201822128 -11.62977431 -1.361747858e-05
-6.111545957 -11.48513928 -1.326800281e-05
-6.035158339 -11.28487533 -1.283847451e-05
-5.944882139 -11.10686295 -1.244092899e-05
-5.847661666 -10.95110214 -1.208109871e-05
-5.764329785 -10.77308976 -1.17030777e-05
-5.687942179 -10.56170002 -1.128185765e-05
-5.569888818 -10.41706501 -1.093915523e-05
-5.451835464 -10.27242999 -1.060210511e-05
-5.347670704 -10.1055434 -1.024846132e-05
-5.215728799 -10.00541152 -9.981163774e-06
-5.090731159 -9.860776503 -9.653877982e-06
-4.972677875 -9.760644597 -9.406892972e-06
-4.840735986 -9.660512702 -9.1530645e-06
-4.701849839 -9.604883932 -8.965156805e-06
-4.583796548 -9.482500458 -8.695736891e-06
-4.458798969 -9.371242767 -8.443891114e-06
-4.326857043 -9.204356178 -8.109580433e-06
-4.181026582 -9.11535006 -7.885686196e-06
-4.035196109 -9.004092374 -7.632096817e-06
-3.896309971 -8.926212021 -7.43695477e-06
-3.729646623 -8.848331685 -7.229419154e-06
-3.528261778 -8.792702927 -7.037323111e-06
-3.319932669 -8.792703067 -6.925627084e-06
-3.090770752 -8.959589916 -7.043716665e-06
-2.88938594 -8.959590034 -6.949226916e-06
-2.715778309 -8.892835449 -6.780400559e-06
-2.549114991 -8.837206634 -6.634687413e-06
-2.354674478 -8.814955167 -6.528709216e-06
-2.160233962 -8.781577913 -6.414486631e-06
-1.965793448 -8.748200651 -6.305038228e-06
-1.778297241 -8.71482338 -6.20452083e-06
-1.583856736 -8.692571884 -6.123027124e-06
-1.424137744 -8.64806881 -6.024465774e-06
-1.271363044 -8.547936828 -5.856910743e-06
-1.118588354 -8.470056404 -5.724553762e-06
-0.951925072 -8.436679097 -5.653416626e-06
-0.757484583 -8.42555335 -5.612328759e-06
-0.5699883953 -8.392176032 -5.54887935e-06
-0.4033251201 -8.369924488 -5.507439134e-06
-0.2436061514 -8.392176058 -5.528081424e-06
-0.05610996899 -8.414427625 -5.553879066e-06
0.1383305182 -8.436679184 -5.584078277e-06
0.2911051869 -8.436679177 -5.589327538e-06
0.4786013775 -8.503433845 -5.689612905e-06
0.6869304844 -8.581314282 -5.813112949e-06
0.8674823821 -8.648068935 -5.924814678e-06
1.054978588 -8.714823582 -6.044270801e-06
1.235530498 -8.792704002 -6.182517875e-06
1.423026724 -8.892835975 -6.361723092e-06
1.58274573 -8.959590609 -6.492153628e-06
1.749409061 -9.070848356 -6.693691276e-06
1.909128086 -9.15985454 -6.865753664e-06
2.041069895 -9.23773495 -7.018616928e-06
2.186900332 -9.348992691 -7.228731017e-06
2.367452297 -9.460250412 -7.458286747e-06
2.561892885 -9.582633901 -7.716111181e-06
2.707723349 -9.705017408 -7.961669915e-06
2.846609508 -9.816275133 -8.191082737e-06
2.985495667 -9.916407076 -8.410364264e-06
3.110493228 -10.0276648 -8.645356764e-06
3.235490787 -10.12779675 -8.864401458e-06
3.360488358 -10.23905447 -9.107109015e-06
3.506318875 -10.38368951 -9.418767734e-06
3.603539227 -10.48382146 -9.637630939e-06
3.700759575 -10.57282763 -9.839522472e-06
3.804924257 -10.69521114 -1.010518666e-05
3.929921864 -10.81759463 -1.038756968e-05
4.034086565 -10.95110391 -1.067937859e-05
4.152139877 -11.07348739 -1.096609227e-05
4.263248896 -11.20699666 -1.12729381e-05
4.332692107 -11.37388331 -1.161517096e-05
4.395191016 -11.54076996 -1.195824055e-05
4.443801342 -11.74103396 -1.235739014e-05
4.429912824 -11.85229177 -1.255368919e-05
4.367414178 -11.99692697 -1.2780954e-05
4.346581406 -12.17493947 -1.310495401e-05
4.249361231 -12.34182625 -1.335922532e-05
4.131308059 -12.43083259 -1.345493656e-05
4.034087836 -12.55321625 -1.363471978e-05
3.950756244 -12.69785146 -1.386789145e-05
3.791037213 -12.7979836 -1.397149054e-05
3.6104852 -12.83136107 -1.393496195e-05
3.395211647 -12.87586434 -1.390507635e-05
3.034107576 -12.88699035 -1.374674049e-05
2.714669395 -12.96487099 -1.376074166e-05
2.464674319 -13.0872547 -1.391002296e-05
2.367454069 -13.26526723 -1.424093156e-05
2.263289512 -13.46553132 -1.462257296e-05
2.193846484 -13.63241805 -1.495286225e-05
2.14523636 -13.74367587 -1.517564616e-05
2.207735197 -13.84380786 -1.541325963e-05
2.325788496 -13.88831093 -1.555109753e-05
2.395231601 -13.8883109 -1.557700297e-05
2.318844139 -13.78817891 -1.533126874e-05
2.17995785 -13.59904071 -1.487740014e-05
2.089681721 -13.36539937 -1.435376856e-05
2.089681612 -13.09838065 -1.379862483e-05
2.068848602 -12.89811661 -1.338423926e-05
1.9785725 -12.68672683 -1.293077955e-05
1.971628104 -12.46421123 -1.248956557e-05
1.923017864 -12.25282142 -1.206454165e-05
1.804964543 -12.03030586 -1.160686033e-05
1.666078306 -11.79666453 -1.113292969e-05
1.513303457 -11.52964585 -1.06062583e-05
1.388305864 -11.30713028 -1.0179977e-05
1.242475362 -11.08461472 -9.757173606e-06
1.06192334 -10.86209916 -9.34239533e-06
0.9022042526 -10.63958358 -8.943071329e-06
0.7563737825 -10.3614391 -8.46531301e-06
0.6522091648 -10.11667195 -8.061926522e-06
0.4994344227 -9.883030587 -7.680648121e-06
0.3883255249 -9.671640772 -7.348620911e-06
0.3188824622 -9.437999394 -6.994369782e-06
0.2216621882 -9.182106454 -6.616744745e-06
0.1036090098 -8.79270415 -6.064108164e-06
0.0202773657 -8.581314328 -5.776282031e-06
-0.0352770587 -8.269792483 -5.363396856e-06
-0.06999856935 -7.991647977 -5.008683456e-06
-0.06999856675 -7.802509713 -4.775511798e-06
-0.08388716795 -7.602245669 -4.533712918e-06
-0.08388716593 -7.479862086 -4.3881829e-06
-0.08388716501 -7.424233186 -4.323319655e-06
-0.06999856016 -7.324101164 -4.207884105e-06
-0.02833274998 -7.223969141 -4.093959868e-06
0.02722166127 -7.1349629 -3.992732529e-06
0.09666467345 -7.068208219 -3.92013828e-06
0.2008291883 -6.968076193 -3.81144745e-06
0.3119380027 -6.912447285 -3.756234059e-06
0.4299911139 -6.834566815 -3.678337408e-06
0.5202670123 -6.701057444 -3.541902136e-06
0.5966543115 -6.623176974 -3.468348494e-06
0.6730416097 -6.556422283 -3.407383569e-06
0.7285959966 -6.434038692 -3.288953398e-06
0.7772060806 -6.311655103 -3.172362063e-06
0.8327604642 -6.200397292 -3.069572009e-06
0.909147743 -6.078013696 -2.962456207e-06
0.9855350139 -5.933378538 -2.837109884e-06
1.020256459 -5.666359805 -2.599948268e-06
1.075810816 -5.48834731 -2.454106826e-06
1.131365174 -5.332586374 -2.330400221e-06
1.186919526 -5.165699658 -2.202962173e-06
1.11747642 -4.62053644 -1.772175879e-06
1.020256122 -3.986366984 -1.328748186e-06
0.9508130556 -3.474581105 -1.017127588e-06
0.8258156328 -2.929417893 -7.266375301e-07
0.7147068297 -2.406506235 -4.937473461e-07
0.6313752358 -1.961475033 -3.327840817e-07
0.5202664909 -1.605450077 -2.234797964e-07
0.4299906453 -1.293928234 -1.457751804e-07
0.2702718765 -0.8934001546 -6.879793879e-08
0.2077732384 -0.8266454747 -5.691167343e-08
0.1452745997 -0.6820103321 -3.714049784e-08
0.1452745972 -0.5930040905 -3.018666722e-08
0.1938846432 -0.5707525271 -2.820177536e-08
0.1661074686 -0.4149916028 -1.636567998e-08
0.1105531272 -0.2258533395 -4.290302627e-09
0.1105531262 -0.1813502182 -3.066812429e-09
0.1174974175 -0.1590986567 -3.067174154e-09
0.103608833 -0.1145955358 -1.489251347e-09
0.05499878854 0.08566850911 -8.559451412e-10
0.0133330395 0.1412974119 -1.389298496e-09
-0.06999845737 0.1412974126 -1.880507514e-09
-0.1047199117 0.2748067767 -6.498911964e-09
-0.02138841697 0.2748067757 -5.713591378e-09
0.02027733011 0.341561458 -8.86744006e-09
0.06194307704 0.3304356784 -8.557856479e-09
0.1313859908 0.2414294364 -5.64248373e-09
0.1938846156 0.1524231944 -5.172607551e-09
0.2424946596 0.06341695503 -4.345334984e-09
0.284160418 -0.1034697487 -7.749662904e-09
0.3188818865 -0.2592306707 -1.190699261e-08
0.3536033571 -0.4149915935 -2.377936187e-08
0.3674919479 -0.5039978357 -3.022691211e-08
0.3605476571 -0.5262493966 -3.182626668e-08
0.3119376109 -0.5262493997 -2.941899679e-08
0.263327563 -0.4928720619 -2.471106936e-08
0.2147175175 -0.5039978443 -2.340793007e-08
0.145274594 -0.4817462852 -1.912152015e-08
