-0.2644385328 1.754535572 -2.478191291e-07
-0.2505499561 1.721158229 -2.370815674e-07
-0.2436056679 1.698906669 -2.307356055e-07
-0.2297170908 1.665529327 -2.223259701e-07
-0.2158285136 1.632151986 -2.127488856e-07
-0.2088842261 1.587648863 -2.010532523e-07
-0.153329911 1.576523081 -1.964219287e-07
-0.08388701705 1.543145738 -1.87367182e-07
-0.04916556992 1.509768396 -1.781704007e-07
-0.02833270144 1.487516836 -1.729014182e-07
-0.03527699123 1.454139495 -1.65425998e-07
-0.04222128103 1.431887934 -1.613536377e-07
-0.03527699123 1.454139495 -1.65425998e-07
-0.007499832799 1.443013715 -1.637337517e-07
0.01333303611 1.431887934 -1.612888701e-07
-0.03527699177 1.376259032 -1.484365582e-07
-0.09777560053 1.309504351 -1.34300154e-07
-0.2574942729 1.175994992 -1.13572395e-07
-0.4102686618 1.064737198 -1.030009762e-07
-0.4797115685 1.009108302 -9.788463706e-08
-0.4588787028 0.953479399 -8.807444873e-08
-0.4311015416 0.9534793966 -8.616280217e-08
-0.7922046821 0.6642091498 -8.363868481e-08
-0.7158174939 0.5974544565 -6.821750437e-08
-0.6602631734 0.5529513281 -5.790948304e-08
-1.160252201 0.1746748852 -1.080065127e-07
-1.271360885 0.08566866786 -1.27139893e-07
-1.806071459 -0.2814819213 -2.615559905e-07
-2.340782111 -0.648632455 -4.627215584e-07
-2.792161336 -1.038034538 -6.948184448e-07
-3.062988871 -1.216046867 -8.502861385e-07
-3.201874764 -1.260549904 -9.271669184e-07
-3.333816316 -1.227172478 -9.868386021e-07
-3.368537752 -1.182669334 -9.973631298e-07
-3.354649122 -1.115914661 -9.786940319e-07
-3.333816213 -1.071411554 -9.594902574e-07
-3.319927591 -1.01578266 -9.432169351e-07
-3.29909469 -0.9824053334 -9.259783801e-07
-3.271317483 -0.9267764496 -9.042728288e-07
-3.250484562 -0.8600217815 -8.853565513e-07
-3.208818763 -0.7932671253 -8.558110896e-07
-3.187985864 -0.7598897977 -8.39439044e-07
-3.229651683 -0.860021795 -8.745881174e-07
-3.125487298 -0.8711476391 -8.241544886e-07
-3.111598699 -0.8488960872 -8.142086083e-07
-3.132431612 -0.9045249763 -8.31749198e-07
-3.194930268 -0.9379022783 -8.684968804e-07
-3.229651761 -0.9824053778 -8.906665916e-07
-3.340760448 -0.982405306 -9.478032089e-07
-3.451869143 -0.9935310121 -1.00951482e-06
-3.556033545 -1.00465672 -1.068357003e-06
-3.646309401 -1.071411339 -1.130268337e-06
-3.715752389 -1.149291751 -1.183514535e-06
-4.007412833 -1.316178234 -1.392949266e-06
-4.306017591 -1.483064694 -1.622028071e-06
-4.597678084 -1.661076924 -1.869759948e-06
-4.785174081 -1.727831434 -2.025061823e-06
-5.062945984 -1.87246631 -2.281011026e-06
-5.305996453 -2.039352765 -2.529589623e-06
-5.312940771 -2.061604319 -2.541589645e-06
-5.319885065 -2.061604312 -2.547205208e-06
-5.34071796 -2.07273007 -2.568478076e-06
-5.361550832 -2.061604268 -2.582058147e-06
-5.34071789 -2.005975389 -2.546857371e-06
-5.305996326 -1.916969183 -2.490772785e-06
-5.264330468 -1.827962983 -2.430378307e-06
-5.201831708 -1.716705244 -2.348494017e-06
-5.139332972 -1.627699065 -2.273860001e-06
-5.083778532 -1.538692879 -2.207455966e-06
-5.007391291 -1.527567174 -2.144579922e-06
-4.896282592 -1.527567282 -2.058477027e-06
-4.792118187 -1.527567382 -1.979440564e-06
-4.674065143 -1.47193859 -1.879225349e-06
-4.597677903 -1.460812879 -1.820834858e-06
-4.521290654 -1.438561387 -1.761939979e-06
-4.424070515 -1.405184131 -1.685820457e-06
-4.312961809 -1.394058447 -1.607755495e-06
-4.333794822 -1.549819352 -1.657429372e-06
-4.389349335 -1.738957571 -1.745301524e-06
-4.43795951 -1.872466894 -1.816440434e-06
-4.396293774 -1.90584427 -1.796746966e-06
-4.375460968 -1.99485053 -1.810255631e-06
-4.368516731 -2.061605218 -1.826285211e-06
-4.368516778 -2.117234119 -1.845098761e-06
-4.368516817 -2.161737241 -1.860210872e-06
-4.368516864 -2.217366142 -1.878005681e-06
-4.340739695 -2.228491946 -1.863893134e-06
-4.368516893 -2.250743483 -1.890286027e-06
-4.417126956 -2.250743442 -1.923503737e-06
-4.417126946 -2.23961766 -1.920523118e-06
-4.424071241 -2.239617654 -1.925268532e-06
-4.396294072 -2.25074346 -1.909267575e-06
-4.382405482 -2.250743472 -1.899776803e-06
-4.410182719 -2.317498129 -1.942440078e-06
-4.437959927 -2.350875447 -1.973990288e-06
-4.437959956 -2.384252788 -1.986849537e-06
-4.486570079 -2.451007427 -2.045343104e-06
-4.493514414 -2.495510542 -2.067376267e-06
-4.514347417 -2.629019887 -2.135950794e-06
-4.444904553 -2.729151972 -2.128981014e-06
-4.465737527 -2.829283975 -2.187165446e-06
-4.507403418 -2.962793302 -2.277241265e-06
-4.528236335 -2.996170625 -2.308984638e-06
-4.493514954 -3.107428459 -2.337002603e-06
-4.472682047 -3.085176917 -2.310857303e-06
-4.507403546 -3.107428446 -2.347068652e-06
-4.50045926 -3.118554232 -2.34850283e-06
-4.500459221 -3.074051111 -2.325541171e-06
-4.493514895 -3.040673776 -2.304593298e-06
-4.514347753 -3.007296417 -2.303347681e-06
-4.53518062 -2.985044838 -2.308130685e-06
-4.562957833 -3.018422155 -2.343888054e-06
-4.604623658 -3.074051018 -2.399588384e-06
-4.625456575 -3.10742834 -2.431180591e-06
-4.6185123 -3.129679908 -2.435883935e-06
-4.590735096 -3.107428372 -2.406015476e-06
-4.569902179 -3.07405105 -2.37471272e-06
-4.521292039 -2.996170631 -2.303951326e-06
-4.47268191 -2.929415992 -2.238486579e-06
-4.403238906 -2.873787151 -2.164675878e-06
-4.354628799 -2.829284071 -2.110393949e-06
-4.306018693 -2.784780992 -2.058876697e-06
-4.25740857 -2.718026351 -1.998198173e-06
-4.222687047 -2.662397478 -1.950856972e-06
-4.22268701 -2.617894358 -1.932255466e-06
-4.222686964 -2.562265455 -1.910233572e-06
-4.243519803 -2.506636537 -1.901435309e-06
-4.271296936 -2.451007612 -1.898252452e-06
-4.340739857 -2.417630213 -1.932699735e-06
-4.403238492 -2.395378598 -1.966684821e-06
-4.396294158 -2.350875483 -1.945229652e-06
-4.347684085 -2.339749745 -1.908892043e-06
-4.326851229 -2.373127102 -1.906639338e-06
-4.326851239 -2.384252884 -1.910639077e-06
-4.312962668 -2.406504456 -1.908850476e-06
-4.34768418 -2.451007547 -1.949576233e-06
-4.424071473 -2.506636383 -2.02392817e-06
-4.437960073 -2.517762151 -2.038866326e-06
-4.396294303 -2.517762187 -2.009818442e-06
-4.368517151 -2.551139553 -2.003409946e-06
-4.375461513 -2.629020009 -2.039323617e-06
-4.389350209 -2.75140358 -2.101056183e-06
-4.403238925 -2.896038711 -2.174265004e-06
-4.410183298 -2.985044948 -2.220719272e-06
-4.396294707 -2.98504496 -2.210942479e-06
-4.3615732 -2.95166765 -2.17145784e-06
-4.340740303 -2.940541887 -2.153376598e-06
-4.285185948 -2.951667715 -2.119858669e-06
-4.292130253 -2.962793488 -2.129032811e-06
-4.306018806 -2.918290356 -2.119629851e-06
-4.326851655 -2.873787216 -2.112784563e-06
-4.347684532 -2.862661419 -2.121566691e-06
-4.333795913 -2.829284089 -2.096452246e-06
-4.299074426 -2.818158339 -2.069031205e-06
-4.250464358 -2.81815838 -2.036693625e-06
-4.222687204 -2.851535743 -2.032029488e-06
-4.167132895 -2.918290472 -2.027656187e-06
-4.111578602 -3.007296759 -2.03141959e-06
-4.083801491 -3.096303023 -2.056196854e-06
-4.562958712 -3.99749082 -2.881902609e-06
-4.979617418 -4.898678632 -3.822631855e-06
-5.403220607 -5.833243741 -4.953200087e-06
-6.083763415 -7.045953017 -6.788807414e-06
-6.72958499 -8.225284908 -8.850221902e-06
-7.049024 -9.004089089 -1.024539881e-05
-7.410128857 -9.727264287 -1.171735297e-05
-7.979563412 -10.71745786 -1.399080005e-05
-8.604552706 -11.74102862 -1.660468355e-05
-9.201764894 -12.69784466 -1.927092459e-05
-9.729534141 -13.62128343 -2.195882403e-05
-10.01425202 -14.21094923 -2.368595033e-05
-10.10452877 -14.56697401 -2.463079021e-05
-10.22258278 -14.92299874 -2.564207019e-05
-10.3336925 -15.27902348 -2.666461711e-05
-10.38230325 -15.55716788 -2.741628786e-05
-10.3684151 -15.79080929 -2.796866288e-05
-10.36841563 -16.04670223 -2.860816228e-05
-10.40313783 -16.358224 -2.945544022e-05
-10.45869301 -16.68087151 -3.038357092e-05
-10.63230196 -17.20378281 -3.205935641e-05
-10.69480166 -17.61543654 -3.328726205e-05
-10.65313637 -17.90470691 -3.402284018e-05
-10.60452676 -18.1939773 -3.476160049e-05
-10.5628614 -18.44987032 -3.542797934e-05
-10.51425173 -18.71688914 -3.612681722e-05
-10.41703188 -19.00615962 -3.682252699e-05
-10.33370062 -19.27317851 -3.748985235e-05
-10.23648061 -19.49569431 -3.801021778e-05
-10.08370599 -19.68483288 -3.834860745e-05
-9.951764285 -19.86284562 -3.869328912e-05
-9.80593387 -20.00748104 -3.89201294e-05
-9.701769575 -20.26337418 -3.956965939e-05
-9.583716525 -20.46363845 -4.00313014e-05
-9.486496404 -20.65277689 -4.049617523e-05
-9.437886557 -20.8641668 -4.111214304e-05
-9.444831374 -21.13118551 -4.200284228e-05
-9.437887487 -21.3648269 -4.277161669e-05
-9.403166212 -21.54283944 -4.331899494e-05
-9.305945983 -21.68747476 -4.366707658e-05
-9.17400412 -21.82098436 -4.393210324e-05
-9.049006454 -21.88773927 -4.398247553e-05
-8.937897408 -21.94336836 -4.401800228e-05
-8.743456423 -21.95449448 -4.378689814e-05
-8.569848383 -21.95449477 -4.35518642e-05
-8.444850687 -22.01012388 -4.357685759e-05
-8.285131379 -22.06575305 -4.355998615e-05
-8.167078053 -22.15475948 -4.371736543e-05
-8.035136061 -22.23264015 -4.382097288e-05
-7.903194047 -22.29939503 -4.388990876e-05
-7.833750929 -22.36614982 -4.403760955e-05
-7.764307844 -22.45515617 -4.42665758e-05
-7.597644126 -22.4662822 -4.410603288e-05
-7.507368035 -22.53303701 -4.423373117e-05
-7.410147603 -22.58866605 -4.431640376e-05
-7.326815797 -22.6331693 -4.437972895e-05
-7.25737262 -22.66654674 -4.44177416e-05
-7.167096427 -22.66654686 -4.431587559e-05
-7.104597492 -22.64429539 -4.416833056e-05
-7.104597508 -22.65542117 -4.420751074e-05
-7.118486169 -22.66654693 -4.426158214e-05
-7.069875895 -22.65542122 -4.416926793e-05
-7.021265591 -22.62204395 -4.399728362e-05
-7.028209898 -22.61091816 -4.3964526e-05
-7.055987188 -22.61091812 -4.399517869e-05
-7.07682014 -22.59979231 -4.397935028e-05
-7.10459743 -22.59979227 -4.401029298e-05
-7.090708754 -22.57754073 -4.39157323e-05
-7.090708754 -22.57754073 -4.39157323e-05
-7.055987127 -22.566415 -4.383888787e-05
-7.062931449 -22.56641499 -4.384647869e-05
-7.118486044 -22.57754069 -4.394667524e-05
-7.174040671 -22.61091795 -4.412653973e-05
-7.215706653 -22.64429524 -4.429267928e-05
-7.222651023 -22.67767256 -4.441926664e-05
-7.167096411 -22.65542108 -4.427756534e-05
-7.125430398 -22.59979224 -4.403335506e-05
-7.180984993 -22.61091794 -4.413442033e-05
-7.22959525 -22.61091787 -4.418929458e-05
-7.271261154 -22.58866626 -4.415676149e-05
-7.326815717 -22.5775404 -4.418222598e-05
-7.437924974 -22.64429491 -4.454746447e-05
-7.542089894 -22.69992366 -4.486766791e-05
-7.55597849 -22.6665463 -4.476384809e-05
-7.562922746 -22.62204317 -4.461515638e-05
-7.576811325 -22.57754003 -4.447375757e-05
-7.576811259 -22.53303691 -4.431572796e-05
-7.618477159 -22.51078529 -4.428726575e-05
-7.632365754 -22.47740793 -4.418533631e-05
-7.674031755 -22.52191098 -4.43929691e-05
-7.694864739 -22.53303673 -4.445665894e-05
-7.674031721 -22.49965942 -4.431417458e-05
-7.667087366 -22.47740787 -4.422706017e-05
-7.639309993 -22.42177902 -4.399804825e-05
-7.618476959 -22.37727593 -4.381725398e-05
-7.549033606 -22.28826979 -4.342268808e-05
-7.500423269 -22.23264096 -4.317118648e-05
-7.472645965 -22.22151523 -4.309961182e-05
-7.451812983 -22.21038947 -4.303663919e-05
-7.437924323 -22.19926372 -4.298184618e-05
-7.382369715 -22.17701224 -4.284072465e-05
-7.347648057 -22.14363495 -4.268406839e-05
-7.292093387 -22.07688035 -4.238781766e-05
-7.250427377 -22.02125151 -4.214898445e-05
-7.160151007 -21.88774228 -4.158738957e-05
-7.097651974 -21.78761034 -4.117412872e-05
-7.042097295 -21.70972996 -4.084769506e-05
-7.000431276 -21.64297534 -4.057358782e-05
-6.972653945 -21.60959804 -4.043119702e-05
-6.944876646 -21.5984723 -4.036324135e-05
-6.958765318 -21.62072384 -4.045403158e-05
-6.972653961 -21.62072382 -4.04689283e-05
-6.930987928 -21.54284341 -4.015999359e-05
-6.910154859 -21.46496298 -3.987456643e-05
-6.875433119 -21.36483101 -3.950126136e-05
-6.903210311 -21.29807629 -3.930774075e-05
-6.965709152 -21.26469887 -3.926363132e-05
-7.00737506 -21.25357303 -3.927132483e-05
-7.042096679 -21.26469876 -3.934716802e-05
-7.049040999 -21.26469875 -3.935476226e-05
-7.035152343 -21.25357299 -3.930199182e-05
-7.028207976 -21.22019566 -3.918368908e-05
-6.958764664 -21.1423153 -3.884859543e-05
-6.930987336 -21.10893799 -3.870924681e-05
-6.847655401 -21.04218343 -3.839769995e-05
-6.840711051 -21.01993188 -3.831726694e-05
-6.826822365 -20.98655456 -3.819252571e-05
-6.819878015 -20.964303 -3.811136354e-05
-6.694880104 -20.85304537 -3.761465518e-05
-6.660158446 -20.8085423 -3.743331827e-05
-6.667102751 -20.79741651 -3.740419988e-05
-6.639325428 -20.7640392 -3.726484394e-05
-6.674047042 -20.77516494 -3.733837599e-05
-6.660158358 -20.74178762 -3.721522988e-05
-6.660158315 -20.70841028 -3.710669506e-05
-6.660158285 -20.68615872 -3.70348741e-05
-6.618492323 -20.65278143 -3.688279339e-05
-6.528216094 -20.59715265 -3.660977643e-05
-6.45877284 -20.55264962 -3.639524008e-05
-6.382385282 -20.51927237 -3.621126965e-05
-6.361552309 -20.50814662 -3.615554272e-05
-6.354607975 -20.49702085 -3.611253998e-05
-6.312942044 -20.48589512 -3.603561418e-05
-6.299053433 -20.5081467 -3.609384412e-05
-6.250443195 -20.50814676 -3.604617841e-05
-6.194888638 -20.50814682 -3.599207605e-05
-6.139334055 -20.48589533 -3.586657904e-05
-6.118501096 -20.48589536 -3.584668908e-05
-6.090723804 -20.47476961 -3.578350529e-05
-6.056002167 -20.44139231 -3.564379779e-05
-6.076835099 -20.41914073 -3.559186222e-05
-6.090723711 -20.39688915 -3.553320014e-05
-6.076835032 -20.36351183 -3.541426045e-05
-6.056002047 -20.34126029 -3.532312324e-05
-6.014336078 -20.29675722 -3.514186651e-05
-5.924059888 -20.26337999 -3.495167594e-05
-5.854616657 -20.23000273 -3.47823938e-05
-5.771284801 -20.20775126 -3.463476599e-05
-5.785173515 -20.27450593 -3.486007797e-05
-5.757396276 -20.3078833 -3.494053949e-05
-5.729619024 -20.33013489 -3.498763826e-05
-5.694897477 -20.37463805 -3.509780216e-05
-5.646287278 -20.40801544 -3.516303004e-05
-5.590732759 -20.44139284 -3.521948671e-05
-5.569899837 -20.47477021 -3.530828584e-05
-5.562955566 -20.51927334 -3.544565859e-05
-5.556011283 -20.55265068 -3.554660296e-05
-5.597677287 -20.6305311 -3.58352603e-05
-5.611566 -20.69728576 -3.606421044e-05
-5.618510369 -20.74178887 -3.621474506e-05
-5.736563971 -20.88642388 -3.679187293e-05
-5.729619701 -20.93092701 -3.693142225e-05
-5.736564059 -20.96430434 -3.704713317e-05
-5.729619789 -21.00880747 -3.718741154e-05
-5.722675518 -21.0533106 -3.732870889e-05
-5.715731261 -21.10893951 -3.750686514e-05
-5.674065363 -21.13119111 -3.754270117e-05
-5.6740654 -21.16456845 -3.765342678e-05
-5.67406545 -21.20907157 -3.780159925e-05
-5.583789258 -21.18682011 -3.764871733e-05
-5.59767796 -21.242449 -3.784502149e-05
-5.562956345 -21.23132325 -3.77772889e-05
-5.514346101 -21.23132331 -3.773514449e-05
-5.493513175 -21.26470067 -3.782874639e-05
-5.486568891 -21.29807802 -3.793478728e-05
-5.68795429 -21.38708404 -3.84071496e-05
-6.000448884 -21.52059304 -3.914280313e-05
-6.278221861 -21.6318505 -3.978645899e-05
-6.38238679 -21.72085661 -4.019205738e-05
-6.403219852 -21.79873705 -4.047837602e-05
-6.417108565 -21.85436593 -4.068338113e-05
-6.458774607 -21.94337211 -4.103180712e-05
-6.500440607 -21.99900096 -4.126587914e-05
-6.486552007 -22.03237832 -4.136664436e-05
-6.472663392 -22.0546299 -4.142909676e-05
-6.382387153 -22.01012689 -4.118454079e-05
-6.292110875 -21.93224654 -4.08263486e-05
-6.507384858 -21.94337205 -4.108118572e-05
-6.576828059 -21.93224618 -4.111299972e-05
-6.632382632 -21.93224611 -4.11705508e-05
-6.674048546 -21.92112028 -4.11767829e-05
-6.694881482 -21.89886869 -4.112163558e-05
-6.687937131 -21.87661714 -4.103741848e-05
-6.715714431 -21.88774288 -4.110494159e-05
-6.861545243 -21.93224581 -4.141240611e-05
-7.007376026 -21.95449717 -4.164789038e-05
-7.13237383 -21.96562277 -4.182489374e-05
-7.271260294 -21.98787414 -4.205785054e-05
-7.375425119 -21.98787399 -4.217724361e-05
-7.486534298 -22.01012539 -4.23824371e-05
-7.465701284 -21.97674808 -4.224314301e-05
-7.39625797 -21.9099935 -4.193302351e-05
-7.382369263 -21.8654904 -4.176402954e-05
-7.368480555 -21.8209873 -4.159561488e-05
-7.326814563 -21.77648424 -4.139551953e-05
-7.229593858 -21.63184924 -4.079166114e-05
-7.076818592 -21.48721431 -4.013212826e-05
-6.917098983 -21.32032783 -3.939678534e-05
-6.757379399 -21.16456713 -3.870684887e-05
-6.708769009 -21.05330939 -3.828773505e-05
-6.701824571 -20.96430316 -3.798630642e-05
-6.694880119 -20.86417115 -3.765020108e-05
-6.701824337 -20.78629068 -3.740227477e-05
-6.812933322 -20.68615851 -3.719589327e-05
-6.812933173 -20.57490071 -3.683474919e-05
-6.826821708 -20.49702024 -3.659951706e-05
-6.875431855 -20.43026549 -3.643679453e-05
-7.014318184 -20.38576218 -3.644581627e-05
-7.055984054 -20.35238478 -3.638577296e-05
-7.049039673 -20.30788167 -3.623439189e-05
-7.042095261 -20.241127 -3.601555768e-05
-7.042095153 -20.16324654 -3.576862673e-05
-7.035150726 -20.08536609 -3.551467821e-05
-7.035150618 -20.00748563 -3.526978452e-05
-7.035150526 -19.94073095 -3.506145405e-05
-7.028206146 -19.89622784 -3.491370754e-05
-7.035150357 -19.81834737 -3.467887991e-05
-7.042094521 -19.70708956 -3.434207407e-05
-7.055983035 -19.6180833 -3.408162887e-05
-7.069871563 -19.54020282 -3.385905631e-05
-7.194869182 -19.46232219 -3.375951788e-05
-7.319866781 -19.37331577 -3.363082941e-05
-7.382365547 -19.306561 -3.350005294e-05
-7.437919961 -19.21755468 -3.3295241e-05
-7.479585737 -19.12854838 -3.307553119e-05
-7.555973083 -19.02841624 -3.286655671e-05
-7.576805969 -18.98391309 -3.275895778e-05
-7.528195565 -18.86152958 -3.233834498e-05
-7.549028435 -18.80590065 -3.219782184e-05
-7.569861321 -18.7613975 -3.209182307e-05
-7.576805522 -18.68351703 -3.187097862e-05
-7.611527024 -18.62788808 -3.174928806e-05
-7.597638257 -18.53888186 -3.147359407e-05
-7.604582474 -18.47212717 -3.12882931e-05
-7.660136925 -18.41649818 -3.119318797e-05
-7.708747041 -18.34974343 -3.105959639e-05
-7.771245738 -18.24961132 -3.084751635e-05
-7.833744449 -18.16060498 -3.066996344e-05
-7.882354578 -18.104976 -3.057148292e-05
-7.903187406 -18.02709551 -3.037733451e-05
-7.930964567 -17.96034079 -3.022269501e-05
-7.937908796 -17.90471188 -3.007367351e-05
-7.937908709 -17.84908298 -2.991879665e-05
-7.882354026 -17.74895104 -2.956982429e-05
-7.840687925 -17.61544175 -2.914861426e-05
-7.792077494 -17.47080668 -2.869094674e-05
-7.757355747 -17.35954893 -2.834492826e-05
-7.687912375 -17.2149139 -2.786837084e-05
-7.646246317 -17.10365616 -2.751982485e-05
-7.542081196 -16.83663759 -2.668493517e-05
-7.458749111 -16.6252479 -2.60323777e-05
-7.361528356 -16.38048088 -2.528602453e-05
-7.305973605 -16.21359425 -2.479541584e-05
-7.285140393 -16.02445602 -2.429385083e-05
-7.299028812 -15.87982086 -2.394704703e-05
-7.312917214 -15.72405992 -2.357720795e-05
-7.347638555 -15.56829895 -2.323455487e-05
-7.375415629 -15.44591533 -2.296809887e-05
-7.403192685 -15.31240593 -2.267831914e-05
-7.43096974 -15.17889653 -2.239115948e-05
-7.47957973 -15.04538709 -2.213119111e-05
-7.514301027 -14.86737456 -2.175499141e-05
-7.555966733 -14.7561167 -2.154614868e-05
-7.590688209 -14.70048775 -2.14579622e-05
-7.611520894 -14.53360101 -2.109991429e-05
-7.660131007 -14.48909782 -2.105624473e-05
-7.687908001 -14.32221108 -2.07130874e-05
-7.736517925 -14.1553243 -2.039959729e-05
-7.771239224 -13.98843755 -2.007322212e-05
-7.792071833 -13.77704769 -1.963803511e-05
-7.88234773 -13.68804131 -1.955706515e-05
-7.924013418 -13.57678345 -1.9370934e-05
-7.951790311 -13.3542678 -1.893473834e-05
-8.00040027 -13.22075836 -1.871728589e-05
-8.049010208 -13.07612314 -1.848015078e-05
-8.097620286 -13.02049417 -1.842641099e-05
-8.146230309 -12.93148785 -1.83072094e-05
-8.222617477 -12.78685258 -1.811449341e-05
-8.299004622 -12.63109154 -1.790238916e-05
-8.382336054 -12.4642047 -1.768199374e-05
-8.437890172 -12.25281478 -1.734513811e-05
-8.472611417 -12.07480224 -1.70522206e-05
-8.493443876 -11.79665771 -1.655933665e-05
-8.521220827 -11.62977096 -1.628882305e-05
-8.472610212 -11.35162653 -1.572241912e-05
-8.493442817 -11.16248824 -1.541641268e-05
-8.514275532 -11.04010462 -1.523114845e-05
-8.514275272 -10.8843437 -1.496310336e-05
-8.521219224 -10.67295386 -1.461544195e-05
-8.555940661 -10.6173249 -1.456934656e-05
-8.597606291 -10.49494125 -1.44219156e-05
-8.639271899 -10.36143182 -1.425945815e-05
-8.667048971 -10.27242553 -1.415367341e-05
-8.680937411 -10.17229349 -1.401137671e-05
-8.708714366 -10.01653251 -1.38031901e-05
-8.75037993 -9.860771521 -1.361679023e-05
-8.805934043 -9.671633161 -1.340329731e-05
-8.882320871 -9.371236963 -1.306076335e-05
-8.944819141 -9.104218129 -1.276002448e-05
-8.98648469 -8.948457133 -1.259822704e-05
-9.03509452 -8.781570344 -1.243556783e-05
-9.055927113 -8.603557824 -1.222129644e-05
-9.048982632 -8.503425815 -1.20776823e-05
-9.035093828 -8.392168036 -1.190981229e-05
-9.021204985 -8.258658698 -1.171595856e-05
-8.993427517 -8.114023605 -1.149139438e-05
-8.965650051 -7.969388511 -1.126973429e-05
-8.923984002 -7.835879222 -1.104582003e-05
-8.90315092 -7.735747237 -1.08940785e-05
-8.847596328 -7.635615311 -1.069723554e-05
-8.736487152 -7.435351459 -1.030746285e-05
-8.673988189 -7.290716425 -1.005522112e-05
-8.625377908 -7.190584485 -9.876452193e-06
-8.597600496 -7.06820095 -9.702274408e-06
-8.58371163 -6.912440048 -9.512934513e-06
-8.548989751 -6.689924503 -9.228417716e-06
-8.514268061 -6.578666758 -9.06643285e-06
-8.486490692 -6.478534784 -8.925361698e-06
-8.472601664 -6.22264186 -8.652357096e-06
-8.451768209 -5.888868488 -8.308530609e-06
-8.437879185 -5.632975565 -8.058793193e-06
-8.417046158 -5.555095138 -7.963110167e-06
-8.389268833 -5.477214721 -7.85921031e-06
-8.361491563 -5.432711648 -7.784269143e-06
-8.340658484 -5.321453879 -7.664135585e-06
-8.319825478 -5.254699232 -7.580861684e-06
-8.347602399 -5.087812481 -7.481595922e-06
-8.340657936 -4.987680471 -7.393794196e-06
-8.305936426 -4.976554747 -7.340162629e-06
-8.278159414 -5.087812595 -7.391312678e-06
-8.229549378 -5.121190015 -7.355353701e-06
-8.201772273 -5.176818961 -7.364792037e-06
-8.167050762 -5.165693237 -7.311162373e-06
-8.104552163 -5.221322238 -7.277930824e-06
-8.090663264 -5.032183996 -7.107303453e-06
-8.042053052 -4.954303611 -6.984121096e-06
-8.048997245 -4.887548918 -6.942128675e-06
-8.083718594 -4.798542621 -6.918495008e-06
-8.076773978 -4.598278587 -6.76242608e-06
-8.014275227 -4.553775565 -6.650596007e-06
-7.944832144 -4.487020992 -6.516331696e-06
-7.958720357 -4.242253805 -6.367089769e-06
-7.923998644 -4.097618715 -6.229454066e-06
-7.833722644 -4.008612613 -6.061536838e-06
-7.72955812 -3.964109651 -5.906624441e-06
-7.611505021 -3.930732488 -5.74404233e-06
-7.479563346 -3.908481124 -5.574230447e-06
-7.354565985 -3.897355525 -5.4222801e-06
-7.215679951 -3.830601043 -5.224509305e-06
-7.083738265 -3.797223888 -5.057658381e-06
-6.944852238 -3.730469398 -4.863925726e-06
-6.812910467 -3.630337553 -4.664840147e-06
-6.618470221 -3.674840932 -4.486159841e-06
-6.417085718 -3.752721652 -4.327199155e-06
-6.180979872 -3.952985989 -4.214313299e-06
-5.979595456 -4.119872934 -4.128410363e-06
-5.736545241 -4.286759918 -4.015558677e-06
-5.604603553 -4.253382724 -3.876384235e-06
-5.444884748 -4.286760239 -3.760238463e-06
-5.278221621 -4.297886195 -3.628449964e-06
-5.174057079 -4.22000584 -3.491492451e-06
-5.035171099 -4.186628639 -3.35829328e-06
-4.924062277 -4.119874065 -3.22812634e-06
-4.778232025 -4.108748426 -3.11022495e-06
-4.618513169 -4.086497013 -2.977815809e-06
-4.451850046 -4.097622941 -2.867760071e-06
-4.285186932 -4.119874644 -2.767652561e-06
-4.118523817 -4.142126342 -2.672186143e-06
-3.931027808 -4.164378051 -2.569028185e-06
-3.812974738 -4.142126581 -2.482451249e-06
-3.694921692 -4.153252449 -2.422117166e-06
-3.562980083 -4.208881444 -2.382097449e-06
-3.46575992 -4.208881511 -2.32848948e-06
-3.340762597 -4.253384716 -2.291971651e-06
-3.222709584 -4.320139473 -2.276630163e-06
-3.104656547 -4.353516888 -2.240268639e-06
-3.000492103 -4.386894291 -2.21440835e-06
-2.903271994 -4.487026371 -2.237376772e-06
-2.764386094 -4.58715847 -2.247869473e-06
-2.646333071 -4.665038995 -2.25456235e-06
-2.535224337 -4.731793734 -2.25908658e-06
-2.417171317 -4.831925814 -2.288327584e-06
-2.306062606 -4.965435229 -2.349895168e-06
-2.194953861 -5.03218996 -2.363145665e-06
-2.090789425 -5.132322025 -2.408572617e-06
-2.007457886 -5.243579863 -2.471235551e-06
-1.910237749 -5.365963482 -2.543680941e-06
-1.875516283 -5.443843956 -2.599624298e-06
-1.82690623 -5.555101777 -2.681516835e-06
-1.722741787 -5.688611177 -2.770252168e-06
-1.604688733 -5.799869017 -2.840029502e-06
-1.472747062 -5.86662374 -2.86930703e-06
-1.375526879 -5.911126887 -2.889132605e-06
-1.292195297 -5.966755811 -2.923190555e-06
-1.167197925 -6.066887863 -2.993377623e-06
-1.056089147 -6.16701991 -3.06986375e-06
-0.9519246575 -6.222648831 -3.107564234e-06
-0.8477601653 -6.27827775 -3.147157529e-06
-0.750539976 -6.367284009 -3.225350299e-06
-0.6394311825 -6.456290266 -3.301899869e-06
-0.5283223873 -6.567548081 -3.4043621e-06
-0.45193509 -6.66768011 -3.502267895e-06
-0.3686034871 -6.745560579 -3.580132915e-06
-0.2713832811 -6.845692607 -3.681251842e-06
-0.1880516738 -6.956950412 -3.798354276e-06
-0.08388715932 -7.079333998 -3.931704618e-06
0.04111026441 -7.190591802 -4.056250343e-06
0.1383304873 -7.301849602 -4.183500988e-06
0.2147178089 -7.401981621 -4.301207188e-06
0.3119380403 -7.524365198 -4.447897692e-06
0.3952696715 -7.635622994 -4.585238952e-06
0.4786013073 -7.758006571 -4.738384921e-06
0.5619329484 -7.891515925 -4.909655782e-06
0.6522088965 -8.025025277 -5.084909898e-06
0.7424848509 -8.169660407 -5.277711292e-06
0.7910949858 -8.269792421 -5.412544673e-06
0.8397051244 -8.381050215 -5.564489566e-06
0.91609248 -8.503433785 -5.737242508e-06
0.9994241426 -8.625817351 -5.913101027e-06
1.117477329 -8.759326689 -6.115200962e-06
1.207753307 -8.89283603 -6.317538718e-06
1.242474853 -9.004093823 -6.478851733e-06
1.26330779 -9.104225841 -6.625430889e-06
1.291085029 -9.193232075 -6.759749498e-06
1.291085051 -9.282238317 -6.88906546e-06
1.242474938 -9.348993009 -6.97550433e-06
1.166087605 -9.415747709 -7.059552068e-06
1.145254709 -9.493628176 -7.172325068e-06
1.166087648 -9.604885972 -7.342117796e-06
1.200809198 -9.716143767 -7.517551688e-06
1.200809219 -9.805150008 -7.653407751e-06
1.207753556 -9.938659368 -7.86110128e-06
1.186920672 -10.07216874 -8.065960987e-06
1.159143475 -10.18342654 -8.238872923e-06
1.103589053 -10.28355858 -8.389799231e-06
1.061923236 -10.36143905 -8.508792374e-06
0.9855358874 -10.43931952 -8.62416053e-06
0.9647029993 -10.59508045 -8.878055612e-06
0.9577587205 -10.73971559 -9.119457787e-06
0.9785916672 -10.88435073 -9.366766736e-06
0.9716473947 -11.06236322 -9.672878477e-06
0.9230372841 -11.26262727 -1.001634821e-05
0.8605385514 -11.44063976 -1.032460087e-05
0.8188727313 -11.58527491 -1.05806783e-05
0.8119284506 -11.75216161 -1.088334402e-05
0.7910955571 -11.94129988 -1.123406171e-05
0.7494297309 -12.08593503 -1.150089458e-05
0.7216525174 -12.21944439 -1.175262397e-05
0.6383208389 -12.38633111 -1.20656497e-05
0.6105436182 -12.49758891 -1.227981048e-05
0.561933471 -12.6199725 -1.251728667e-05
0.5341562462 -12.72010452 -1.27130266e-05
0.4855460962 -12.85361389 -1.297734166e-05
0.3952700901 -13.0205006 -1.33088728e-05
0.339715624 -13.15400997 -1.357994591e-05
0.2841611561 -13.30977089 -1.390121779e-05
0.2355509949 -13.46553181 -1.422604154e-05
0.1522192793 -13.61016696 -1.453065352e-05
0.09666480037 -13.74367632 -1.481623766e-05
-0.0005555448443 -13.87718568 -1.510562123e-05
-0.09777589559 -14.0329466 -1.544577594e-05
-0.1880519417 -14.1998333 -1.581836065e-05
-0.2574950579 -14.32221688 -1.609451618e-05
-0.3408268008 -14.45572624 -1.639954672e-05
-0.3894369887 -14.56698404 -1.665544646e-05
-0.4449914904 -14.67824183 -1.69144727e-05
-0.5422118653 -14.78949962 -1.717930592e-05
-0.6463765593 -14.92300897 -1.749963582e-05
-0.7505412604 -15.0676441 -1.785072237e-05
-0.8547059655 -15.20115345 -1.818251028e-05
-0.9658149823 -15.30128545 -1.843730136e-05
-1.049146751 -15.39029167 -1.866496225e-05
-1.167200091 -15.50154944 -1.895391353e-05
-1.319975001 -15.61280721 -1.925554725e-05
-1.431084045 -15.74631654 -1.96084106e-05
-1.597747605 -15.89095163 -2.000709072e-05
-1.743578223 -16.00220938 -2.032167442e-05
-1.951907678 -16.13571867 -2.071899614e-05
-2.09773831 -16.24697641 -2.104865046e-05
-2.250513262 -16.35823415 -2.138502996e-05
-2.424121153 -16.44724031 -2.16780751e-05
-2.542174532 -16.52512071 -2.192456946e-05
-2.646339285 -16.60300112 -2.217035489e-05
-2.764392664 -16.66975574 -2.23931835e-05
-2.889390373 -16.75876191 -2.268340574e-05
-3.042165338 -16.83664228 -2.295878268e-05
-3.17410735 -16.8922711 -2.317041013e-05
-3.299105036 -16.92564836 -2.332175112e-05
-3.444935668 -16.9590256 -2.348749881e-05
-3.569933357 -16.99240286 -2.364564979e-05
-3.708819694 -17.04803166 -2.387298065e-05
-3.854650323 -17.07028311 -2.401839841e-05
-4.021313899 -17.09253454 -2.418127051e-05
-4.347696653 -17.03690537 -2.424463187e-05
-4.55602611 -17.04803097 -2.442049427e-05
-4.715745414 -17.1147855 -2.47145617e-05
-4.910186233 -17.11478532 -2.486083127e-05
-5.021295207 -17.04803053 -2.47691623e-05
-5.1324042 -17.0035273 -2.473827578e-05
-5.264346147 -16.97014982 -2.475588067e-05
-5.361566542 -16.95902394 -2.480798854e-05
-5.514341407 -16.90339488 -2.47898203e-05
-5.701837704 -16.72538219 -2.448452361e-05
-5.889334039 -16.59187262 -2.430558043e-05
-6.02127597 -16.55849512 -2.434149517e-05
-6.062941763 -16.48061461 -2.41800467e-05
-6.174050653 -16.36935668 -2.400041719e-05
-6.292103949 -16.33597919 -2.402924921e-05
-6.437934415 -16.23584699 -2.391841625e-05
-6.486544526 -16.16909225 -2.379795313e-05
-6.521266009 -16.10233752 -2.366314648e-05
-6.59070913 -16.09121165 -2.370733096e-05
-6.667096507 -16.03558265 -2.364659932e-05
-6.722650941 -15.97995368 -2.356493484e-05
-6.882369894 -15.7908152 -2.326378499e-05
-7.035144599 -15.65730563 -2.310090876e-05
-7.180974952 -15.50154451 -2.288158939e-05
-7.250417984 -15.43478973 -2.279880483e-05
-7.375415322 -15.23452551 -2.245943241e-05
-7.430969772 -15.20114809 -2.244523291e-05
-7.444858348 -15.16777073 -2.238086735e-05
-7.514301422 -15.13439328 -2.238421005e-05
-7.562911625 -15.14551899 -2.246646541e-05
-7.555967312 -15.145519 -2.245827527e-05
-7.521245751 -15.14551905 -2.241732456e-05
-7.486524206 -15.15664488 -2.24030459e-05
-7.451802644 -15.15664494 -2.236238523e-05
-7.424025444 -15.19002232 -2.241095038e-05
-7.410136787 -15.16777078 -2.234049672e-05
-7.417081066 -15.14551921 -2.229563199e-05
-7.430969659 -15.12326763 -2.225910664e-05
-7.437913971 -15.12326762 -2.226729684e-05
-7.48652414 -15.11214176 -2.229839514e-05
-7.542078622 -15.1010159 -2.233651631e-05
-7.583744362 -15.0120096 -2.217563077e-05
-7.646243121 -14.97863217 -2.217194832e-05
-7.701797533 -14.92300318 -2.210731426e-05
-7.785129175 -14.85624837 -2.205342175e-05
-7.86846078 -14.767242 -2.194808097e-05
-7.930959499 -14.71161301 -2.189600395e-05
-7.972625264 -14.64485826 -2.179428378e-05
-8.049012498 -14.52247456 -2.161151419e-05
-8.139288387 -14.42234239 -2.149802732e-05
-8.229564271 -14.32221023 -2.138745446e-05
-8.278174141 -14.13307189 -2.102733695e-05
-8.354561287 -13.96618506 -2.075929156e-05
-8.42400421 -13.85492714 -2.060825278e-05
-8.472614179 -13.73254348 -2.040714649e-05
-8.549001462 -13.65466289 -2.034140035e-05
-8.611500066 -13.54340499 -2.018843686e-05
-8.639276909 -13.30976356 -1.973376581e-05
-8.611499293 -13.087248 -1.923630928e-05
-8.576777277 -12.80910356 -1.862480406e-05
-8.604554155 -12.59771369 -1.824005381e-05
-8.653163976 -12.39744956 -1.791397197e-05
-8.660107887 -12.16380817 -1.747283846e-05
-8.653163276 -11.9857957 -1.712567734e-05
-8.646218608 -11.77440589 -1.672221817e-05
-8.639273941 -11.56301608 -1.632573999e-05
-8.625385043 -11.3961294 -1.600679152e-05
-8.625384685 -11.18473957 -1.563290616e-05
-8.632328614 -10.96222396 -1.525596837e-05
-8.646217 -10.82871457 -1.504573278e-05
-8.673993656 -10.49494112 -1.452489713e-05
-8.687881926 -10.29467705 -1.421793378e-05
-8.673993049 -10.13891616 -1.394906325e-05
-8.660104097 -9.938652136 -1.361424744e-05
-8.653159507 -9.771765446 -1.334770775e-05
-8.625381948 -9.57150145 -1.300710512e-05
-8.590660124 -9.393489024 -1.269533615e-05
-8.528161048 -9.193225086 -1.231938562e-05
-8.486495 -9.059715793 -1.207218666e-05
-8.396218791 -8.903955022 -1.173284503e-05
-8.340664106 -8.74819419 -1.144483118e-05
-8.312886346 -8.414420829 -1.09594278e-05
-8.236498687 -8.21415691 -1.05995911e-05
-8.167055391 -8.047270319 -1.02985732e-05
-8.104556366 -7.858132154 -9.981935566e-06
-8.042057364 -7.68011977 -9.685415539e-06
-7.951781193 -7.524358989 -9.386990438e-06
-7.861505045 -7.379723987 -9.107804101e-06
-7.792061721 -7.179460049 -8.792888504e-06
-7.729562839 -7.068202344 -8.593228722e-06
-7.653175241 -6.879064195 -8.29296927e-06
-7.535122091 -6.856812811 -8.129550024e-06
-7.444846113 -6.812309822 -7.975879959e-06
-7.361514615 -6.890190404 -7.963966295e-06
-7.292071525 -6.834561604 -7.823671218e-06
-7.236516959 -6.723303881 -7.641918225e-06
-7.180962427 -6.634297718 -7.487177365e-06
-7.062909115 -6.48966274 -7.205562842e-06
-6.937911601 -6.411782451 -6.990674471e-06
-6.785136889 -6.333902195 -6.747994345e-06
-6.639306496 -6.267147706 -6.528988272e-06
-6.500420394 -6.189267424 -6.310702787e-06
-6.326812948 -6.233770764 -6.180835065e-06
-6.174038332 -6.222645171 -6.01858161e-06
-6.035152316 -6.211519558 -5.875810409e-06
-5.930987685 -6.100261879 -5.670592931e-06
-5.833767333 -5.966752628 -5.454984287e-06
-5.75737996 -5.899998034 -5.322725205e-06
-5.646271018 -5.766488795 -5.101554021e-06
-5.562939326 -5.677482645 -4.949146221e-06
-5.486551949 -5.599602265 -4.814467359e-06
-5.333777284 -5.521721967 -4.616232838e-06
-5.215724119 -5.443841627 -4.452549256e-06
-5.118503865 -5.377087045 -4.317958193e-06
-4.993506397 -5.288080927 -4.14363086e-06
-4.903230416 -5.187948993 -3.992174725e-06
-4.792121511 -5.054439735 -3.800258797e-06
-4.660179758 -4.965433616 -3.632928131e-06
-4.535182337 -4.909804828 -3.499609222e-06
-4.403240496 -4.709540899 -3.256943738e-06
-4.292131643 -4.60940897 -3.107337452e-06
-4.14630136 -4.576031751 -2.987961481e-06
-4.021303946 -4.50927717 -2.859309025e-06
-3.87547371 -4.531528844 -2.785633014e-06
-3.729643464 -4.542654733 -2.706930248e-06
-3.590757501 -4.531529053 -2.619148047e-06
-3.431038659 -4.542654943 -2.53966455e-06
-3.257431235 -4.576032398 -2.47323155e-06
-3.139378151 -4.542655131 -2.389893463e-06
-3.014380804 -4.564906768 -2.345519024e-06
-2.896327798 -4.665038859 -2.36313045e-06
-2.778274781 -4.754045167 -2.376595506e-06
-2.660221748 -4.820799913 -2.376820486e-06
-2.535224442 -4.943183559 -2.418638203e-06
-2.451892872 -4.965435161 -2.404174967e-06
-2.361617009 -4.998812543 -2.397108204e-06
-2.257452557 -5.054441493 -2.402234152e-06
-2.153288127 -5.165699341 -2.455453574e-06
-2.049123714 -5.332586086 -2.558951357e-06
-1.91718209 -5.477221281 -2.640845867e-06
-1.792184758 -5.621856471 -2.731276413e-06
-1.667187411 -5.744240096 -2.805258965e-06
-1.514412873 -5.911126848 -2.920651036e-06
-1.368582615 -6.044636252 -3.012626825e-06
-1.243585251 -6.178145647 -3.115211205e-06
-1.146365083 -6.322780814 -3.238614764e-06
-1.076922111 -6.467415972 -3.371118017e-06
-0.9935905385 -6.634302692 -3.529935109e-06
-0.9241475643 -6.81231519 -3.706335043e-06
-0.8338716726 -6.934698787 -3.826193668e-06
-0.7435957798 -7.079333945 -3.974299597e-06
-0.6533198819 -7.2239691 -4.127351831e-06
-0.5630439727 -7.312975353 -4.220066502e-06
-0.4866566649 -7.413107383 -4.329339512e-06
-0.3963807546 -7.568868313 -4.506634578e-06
-0.3061048388 -7.724629243 -4.688595044e-06
-0.1880517067 -7.847012831 -4.83182379e-06
-0.0699985692 -7.980522196 -4.996234199e-06
0.03416596897 -8.080654219 -5.122173971e-06
0.1522191165 -8.169660459 -5.236209077e-06
0.2633279663 -8.280918256 -5.383817161e-06
0.3674925164 -8.369924491 -5.505165666e-06
0.464712767 -8.458930724 -5.629370054e-06
0.5619330234 -8.570188517 -5.785317889e-06
0.673041891 -8.681446305 -5.947918384e-06
0.7633178527 -8.792704094 -6.108909495e-06
0.8605381183 -8.881710321 -6.244034363e-06
0.9438697899 -9.026345449 -6.45921248e-06
1.006368554 -9.170980579 -6.676712093e-06
1.068867319 -9.304489929 -6.880455882e-06
1.138310392 -9.437999277 -7.088035467e-06
1.235530695 -9.604885956 -7.3548653e-06
1.332751008 -9.782898415 -7.645799441e-06
1.443859932 -9.938659307 -7.9100386e-06
1.471637194 -10.08329444 -8.144178636e-06
1.471637239 -10.23905536 -8.392745107e-06
1.443860055 -10.37256473 -8.601635636e-06
1.423027178 -10.51719988 -8.834671196e-06
1.395249985 -10.62845769 -9.011953251e-06
1.402194325 -10.75084127 -9.219130051e-06
1.367472829 -10.88435064 -9.438283419e-06
1.332751338 -11.04011158 -9.698635189e-06
1.325807072 -11.1958725 -9.969531935e-06
1.318862799 -11.32938186 -1.020330101e-05
1.263308376 -11.46289124 -1.043084922e-05
1.21469826 -11.60752639 -1.068341132e-05
1.173032454 -11.7744131 -1.098144319e-05
1.117478026 -11.93017404 -1.12619524e-05
1.089700828 -12.08593497 -1.154967564e-05
1.034146404 -12.28619902 -1.192245318e-05
0.8744273534 -12.53096621 -1.237582211e-05
0.8188728962 -12.60884668 -1.252228126e-05
0.7424855187 -12.74235606 -1.277822572e-05
0.6730424463 -12.87586543 -1.303887888e-05
0.6660981459 -12.94262011 -1.31744736e-05
0.6522095402 -13.04275213 -1.337674068e-05
0.6660981634 -13.07612947 -1.344637445e-05
0.6660981648 -13.08725525 -1.346944491e-05
0.6522095459 -13.08725525 -1.34681526e-05
0.6522095444 -13.07612947 -1.34450822e-05
0.6799867778 -13.04275213 -1.337990463e-05
0.7077640093 -12.998249 -1.329122499e-05
0.6938753936 -13.02050057 -1.333447577e-05
0.6591538525 -13.06500369 -1.342178411e-05
0.6174879985 -13.08725526 -1.346477687e-05
0.5619335276 -13.13175839 -1.354985022e-05
0.5133233631 -13.15400995 -1.359161087e-05
0.4438802713 -13.19851308 -1.367916499e-05
0.3813814872 -13.23189042 -1.374385923e-05
0.3258270112 -13.25414199 -1.378670516e-05
0.2424952969 -13.29864511 -1.387571813e-05
0.1522192713 -13.34314824 -1.39672744e-05
0.1174977222 -13.34314824 -1.396679423e-05
0.08972048332 -13.3653998 -1.401266209e-05
0.07583186361 -13.3653998 -1.401281778e-05
0.06888755391 -13.37652558 -1.403494482e-05
0.05499893453 -13.40990292 -1.410445315e-05
0.06194324472 -13.43215448 -1.415210976e-05
0.06194324485 -13.44328026 -1.417575745e-05
0.05499893525 -13.4766576 -1.424605746e-05
0.06888755557 -13.49890916 -1.429378582e-05
0.1036091062 -13.52116072 -1.434054504e-05
0.1522192773 -13.54341228 -1.438860779e-05
0.1938851388 -13.56566384 -1.443674868e-05
0.2286066889 -13.55453806 -1.441605158e-05
0.2702725455 -13.47665759 -1.425148052e-05
0.2911054704 -13.38765135 -1.406393056e-05
0.3674928679 -13.23189042 -1.374314593e-05
0.4369359445 -12.99824904 -1.326704866e-05
0.4786017776 -12.75348187 -1.277561639e-05
0.4786017577 -12.54209205 -1.235664052e-05
0.4369358833 -12.28619911 -1.185373009e-05
0.3327712401 -12.01918039 -1.133956443e-05
0.2216623022 -11.79666479 -1.091980551e-05
0.08972045151 -11.56302342 -1.048727509e-05
-0.08388722853 -11.27375313 -9.969739386e-06
-0.2505505811 -10.96223128 -9.431029262e-06
-0.4102696036 -10.6062063 -8.835624524e-06
-0.5560999888 -10.21680399 -8.211470653e-06
-0.6880417431 -9.838527444 -7.629730658e-06
-0.8130391786 -9.49362824 -7.121489653e-06
-0.9449808868 -9.070848569 -6.523907511e-06
-1.028312454 -8.670320466 -5.979879736e-06
-1.083866801 -8.292043928 -5.484702821e-06
-1.125532539 -7.936018951 -5.038688512e-06
-1.29219573 -7.669000187 -4.743583954e-06
-1.278307025 -7.268472102 -4.271836784e-06
-1.264418325 -6.879069798 -3.83609317e-06
-1.257473942 -6.545296392 -3.483749767e-06
-1.340805445 -6.155894062 -3.112848528e-06
-1.306083842 -5.755365982 -2.731433595e-06
-1.257473658 -5.399341027 -2.41138135e-06
-1.250529274 -5.05444184 -2.126001022e-06
-1.250529192 -4.720668431 -1.870465863e-06
-1.167197531 -4.353517702 -1.592719942e-06
-1.104698788 -4.053121648 -1.384386921e-06
-1.056088664 -3.841731833 -1.245261077e-06
-0.9727570384 -3.507958442 -1.039988823e-06
-0.917202605 -3.163059263 -8.502823303e-07
-0.8685924652 -2.76253118 -6.574830942e-07
-0.7991494695 -2.495512465 -5.377940686e-07
-0.7088735941 -2.20624219 -4.205148716e-07
-0.6463749029 -1.894720348 -3.140789335e-07
-0.9033137483 -1.672204704 -2.831561449e-07
-1.208862613 -1.394060132 -2.671090783e-07
-1.361637011 -1.171544486 -2.53094915e-07
-1.361636945 -0.9267773194 -2.123248008e-07
-1.319971121 -0.6708843832 -1.721422584e-07
-1.285249577 -0.3482367616 -1.386911151e-07
-1.264416629 -0.05896647756 -1.256205864e-07
-1.806071321 0.1079203904 -2.564445327e-07
-2.326893098 0.2859330877 -4.295441025e-07
-2.396335926 0.4639456071 -4.647031122e-07
-2.44494584 0.7198385773 -5.086199908e-07
-2.500500094 0.8644737509 -5.48028026e-07
-2.736605956 0.8867254332 -6.465987736e-07
-2.861603152 0.9423544023 -7.105189132e-07
-2.917157455 0.9757317751 -7.408055972e-07
-2.972711758 1.009109148 -7.713835735e-07
-3.04215464 1.042486531 -8.094418339e-07
-3.090764658 1.064738121 -8.367889546e-07
-3.118541798 1.098115478 -8.550217092e-07
-3.153263228 1.131492842 -8.780094615e-07
-3.201873251 1.142618652 -9.048497405e-07
-3.243538977 1.16487024 -9.293258616e-07
-3.306037609 1.131492939 -9.550641275e-07
-3.361591937 1.120367194 -9.837507774e-07
-3.417146242 1.142618792 -1.016287071e-06
-3.424090525 1.153744578 -1.021841637e-06
-3.424090517 1.164870358 -1.02366062e-06
-3.410201937 1.164870349 -1.01618111e-06
-3.396313357 1.164870339 -1.008701598e-06
-3.36853619 1.175996101 -9.961411067e-07
-3.340759044 1.153744522 -9.775446871e-07
-3.361591937 1.120367194 -9.837507774e-07
-3.389369119 1.086989872 -9.91074512e-07
-3.361591981 1.053612513 -9.70660137e-07
-3.326870552 1.020235149 -9.473808787e-07
-3.319926291 0.9757320226 -9.376800603e-07
-3.347703474 0.9423546993 -9.467503816e-07
-3.375480672 0.8867258176 -9.523232738e-07
-3.396313595 0.8088453677 -9.537277627e-07
-3.417146511 0.7420906989 -9.578196548e-07
-3.437979421 0.6864618115 -9.612531069e-07
-3.465756614 0.6419587092 -9.716967735e-07
-3.486589524 0.5863298212 -9.781846191e-07
-3.507422419 0.5529524954 -9.864136214e-07
-3.528255323 0.5084493879 -9.939904725e-07
-3.549088242 0.4416947195 -1.000693907e-06
-3.56992117 0.3638142715 -1.007175214e-06
-3.597698374 0.3081853903 -1.020299205e-06
-3.618531287 0.2525565024 -1.030417636e-06
