51.4983649 -0.1775742 97.17997185
51.4983651 -0.1775741 97.11297197
51.4983653 -0.1775741 97.0419722
51.4983655 -0.177574 96.92597232
51.4983657 -0.1775737 96.81197221
51.4983664 -0.1775734 96.65297269
51.4983677 -0.1775726 96.49597329
51.4983688 -0.1775713 96.34597309
51.4983699 -0.1775711 96.08397415
51.4983706 -0.1775714 95.77597531
51.4983713 -0.1775718 95.57097659
51.498372 -0.1775717 95.38897729
51.4983729 -0.1775714 95.243978
51.4983736 -0.1775711 95.05797848
51.4983742 -0.1775708 94.90897884
51.4983748 -0.1775703 94.79897897
51.4983756 -0.1775696 94.6599791
51.4983766 -0.1775703 94.33398107
51.498378 -0.1775707 93.92498317
51.4983794 -0.1775709 93.53998503
51.4983801 -0.1775718 93.29798688
51.4983802 -0.177573 93.10898837
51.49838 -0.1775746 92.88198997
51.4983798 -0.1775764 92.66099179
51.4983797 -0.1775777 92.38399316
51.4983795 -0.1775785 92.05199384
51.4983792 -0.1775796 91.83299475
51.4983786 -0.1775809 91.64499553
51.4983782 -0.177582 91.53899632
51.4983779 -0.177583 91.44799712
51.4983778 -0.1775835 91.31199757
51.4983776 -0.177584 91.18599791
51.4983772 -0.1775842 90.98799767
51.4983767 -0.1775844 90.82299731
51.4983762 -0.1775846 90.71499696
51.4983758 -0.1775849 90.55999683
51.4983755 -0.1775851 90.39299671
51.4983751 -0.1775854 90.24399659
51.4983747 -0.1775858 90.18099658
51.4983741 -0.1775865 90.26799668
51.4983737 -0.1775867 90.44199644
51.498373 -0.1775873 90.6219963
51.4983728 -0.1775871 90.50199584
51.4983721 -0.1775864 90.32699422
51.4983712 -0.177586 90.11399271
51.4983706 -0.1775858 89.90899178
51.49837 -0.1775864 89.80899177
51.4983681 -0.1775873 89.70399057
51.4983658 -0.1775877 89.64398834
51.4983633 -0.1775881 89.59998587
51.4983609 -0.1775873 89.47098215
51.498358 -0.1775867 89.39197807
51.4983556 -0.1775863 89.22897481
51.4983527 -0.1775866 89.20397176
51.4983498 -0.177587 89.04696883
51.4983467 -0.1775878 88.98996612
51.4983433 -0.177589 88.99096351
51.4983406 -0.1775894 88.79796081
51.4983381 -0.1775904 88.60495903
51.4983357 -0.1775909 88.4529568
51.4983326 -0.1775915 88.37695386
51.49833 -0.1775923 88.32095173
51.4983273 -0.1775927 88.11894903
51.4983252 -0.1775931 87.96794703
51.4983225 -0.1775933 87.6879441
51.4983197 -0.1775934 87.56794094
51.4983172 -0.1775927 87.37393722
51.4983145 -0.1775928 87.13693417
51.4983129 -0.1775919 86.76593127
51.4983108 -0.1775913 86.44092813
51.4983083 -0.1775913 86.26892521
51.498306 -0.1775904 86.11592149
51.4983029 -0.1775904 86.01391786
51.4982998 -0.1775907 85.86891458
51.4982977 -0.17759 85.67391132
51.4982956 -0.1775884 85.52690704
51.4982935 -0.1775869 85.42290287
51.4982911 -0.1775859 85.22789892
51.4982886 -0.1775848 85.07089473
51.4982865 -0.1775842 84.88989159
51.4982844 -0.1775832 84.75388799
51.4982822 -0.1775815 84.55888348
51.4982801 -0.17758 84.2778793
51.498278 -0.1775785 83.94987513
51.498276 -0.1775768 83.80587085
51.4982746 -0.1775741 83.57486612
51.4982731 -0.177572 83.38386197
51.498271 -0.1775711 83.15885848
51.4982699 -0.1775694 82.88285525
51.4982687 -0.1775677 82.73685191
51.4982672 -0.1775659 82.61284809
51.4982659 -0.1775639 82.47184429
51.4982643 -0.1775631 82.3738415
51.4982628 -0.1775617 82.24083814
51.4982615 -0.17756 82.14883468
51.4982601 -0.1775584 81.99083121
51.4982585 -0.1775576 81.81082843
51.4982567 -0.1775568 81.67282541
51.4982548 -0.1775568 81.39682318
51.4982531 -0.1775569 81.22682131
51.4982519 -0.1775564 81.25481934
51.4982512 -0.1775559 81.20981795
51.4982501 -0.177556 81.09881677
51.4982493 -0.1775565 80.97381641
51.4982482 -0.177558 80.88081684
51.4982477 -0.1775589 80.76781728
51.4982471 -0.1775599 80.65581772
51.4982465 -0.1775609 80.52881817
51.4982458 -0.1775622 80.43181883
51.4982452 -0.1775637 80.21281985
51.4982446 -0.1775655 80.0738212
51.4982439 -0.1775679 80.07082313
51.4982433 -0.1775699 79.99982471
51.4982435 -0.1775709 79.92782609
51.4982431 -0.1775721 79.870827
51.4982432 -0.1775727 79.7728278
51.4982435 -0.1775733 79.71982884
51.4982429 -0.177574 79.53582894
51.4982428 -0.177575 79.35182996
51.4982433 -0.1775752 79.01783078
51.4982439 -0.177576 78.76483239
51.4982447 -0.1775765 78.6128339
51.4982451 -0.1775765 78.46283437
51.498245 -0.1775772 78.39783505
51.4982448 -0.1775779 78.30583562
51.4982445 -0.1775791 78.33383664
51.4982434 -0.1775805 78.37283695
51.498242 -0.1775819 78.37883692
51.4982412 -0.1775833 78.46283758
51.4982411 -0.1775841 78.63183838
51.4982403 -0.1775851 78.77683859
51.4982384 -0.1775874 79.345839
51.4982369 -0.1775866 79.48383633
51.498235 -0.177587 79.78883456
51.4982339 -0.1775867 79.93883293
51.4982335 -0.1775854 79.91983098
51.4982334 -0.1775853 80.35283075
51.4982338 -0.1775843 80.41583007
51.4982351 -0.1775824 80.54482942
51.4982363 -0.1775793 80.30982728
51.498238 -0.1775763 80.12682583
51.4982398 -0.1775733 79.83882451
51.4982424 -0.1775707 79.83482458
51.4982435 -0.1775703 79.95982541
51.4982444 -0.1775702 80.14682634
51.4982445 -0.1775718 80.56782829
51.4982443 -0.1775722 80.80982851
51.4982444 -0.1775722 80.88282863
51.4982446 -0.1775719 80.78982852
51.4982448 -0.177571 80.62782773
51.498246 -0.1775688 80.57482661
51.4982465 -0.1775685 80.79582686
51.498246 -0.1775687 80.7788265
51.4982461 -0.1775685 80.70882639
51.4982457 -0.1775688 80.81082626
51.4982461 -0.1775678 80.90182559
51.4982471 -0.1775655 80.81882413
51.4982479 -0.1775632 80.79082243
51.498248 -0.1775618 80.55382095
51.4982481 -0.1775597 80.41881866
51.498248 -0.1775574 80.42881592
51.4982481 -0.177555 80.22581329
51.4982484 -0.1775532 80.17681158
51.4982487 -0.177551 80.00780942
51.4982488 -0.1775492 79.96080748
51.4982486 -0.1775474 79.79580518
51.4982486 -0.1775457 79.68880324
51.4982492 -0.1775424 79.59780017
51.4982499 -0.1775402 79.52079847
51.4982511 -0.1775359 79.51779496
51.4982517 -0.1775335 79.43579292
51.4982522 -0.1775325 79.74279236
51.4982521 -0.1775323 79.82479201
51.4982517 -0.1775325 79.84579177
51.4982512 -0.1775327 79.92379142
51.4982505 -0.1775333 79.99579128
51.49825 -0.1775339 80.14979138
51.4982499 -0.1775347 80.29679218
51.4982498 -0.1775349 80.47979229
51.4982499 -0.1775346 80.70979207
51.4982498 -0.1775343 80.91279161
51.4982502 -0.1775334 80.93479105
51.4982503 -0.177533 81.03379071
51.4982506 -0.1775326 81.1567906
51.4982507 -0.1775323 81.39379037
51.4982508 -0.1775321 81.62379026
51.4982513 -0.1775319 81.87779062
51.4982521 -0.1775313 82.13979087
51.4982526 -0.1775309 82.39579099
51.4982531 -0.1775304 82.57679101
51.4982533 -0.1775302 82.77079101
51.4982537 -0.17753 82.94179125
51.498254 -0.1775295 83.11479103
51.4982544 -0.1775292 83.29379116
51.4982549 -0.1775293 83.49679186
51.498255 -0.1775293 83.68579197
51.4982551 -0.1775291 83.82679186
51.4982548 -0.1775292 83.91179162
51.4982549 -0.1775293 84.10979186
51.4982548 -0.1775296 84.19479208
51.4982547 -0.1775301 84.29179254
51.4982546 -0.1775305 84.41079288
51.4982545 -0.1775308 84.5057931
51.4982545 -0.1775313 84.62379367
51.4982548 -0.1775315 84.80579425
51.4982551 -0.1775314 85.01579449
51.4982557 -0.1775311 85.26779485
51.4982561 -0.1775311 85.34179532
51.4982568 -0.1775308 85.59279579
51.4982575 -0.1775304 85.86779615
51.4982581 -0.1775296 86.11079594
51.4982585 -0.1775291 86.31379584
51.4982589 -0.1775288 86.47079596
51.4982598 -0.1775281 86.69579621
51.4982609 -0.1775274 86.8937967
51.4982621 -0.1775265 87.19379707
51.4982629 -0.1775263 87.38679778
51.4982631 -0.1775269 87.3987987
51.4982632 -0.1775268 87.4377987
51.4982627 -0.1775271 87.41779846
51.4982619 -0.1775274 87.48479787
51.4982615 -0.1775274 87.5307974
51.4982615 -0.1775274 87.6237974
51.4982616 -0.1775275 87.66179763
51.4982611 -0.1775277 87.56179728
51.498261 -0.1775276 87.69579705
51.4982601 -0.1775284 87.59279691
51.4982592 -0.1775294 87.448797
51.4982584 -0.1775308 87.30079766
51.4982579 -0.1775318 87.18079822
51.4982573 -0.1775326 87.14679844
51.4982567 -0.1775331 87.12379831
51.4982566 -0.1775327 87.12879773
51.4982566 -0.177532 87.22779693
51.4982565 -0.1775317 87.32879647
51.4982564 -0.1775312 87.35279578
51.4982563 -0.1775302 87.40379452
51.4982566 -0.1775292 87.51579373
51.4982569 -0.1775287 87.64479351
51.498257 -0.1775279 87.61879271
51.4982569 -0.1775275 87.68279214
51.4982569 -0.1775268 87.76579134
51.4982567 -0.1775266 87.75879087
51.4982566 -0.1775262 87.8087903
51.4982566 -0.1775257 87.84978973
51.4982567 -0.1775252 87.89478927
51.4982568 -0.1775248 87.94878893
51.498257 -0.1775244 87.99078871
51.4982573 -0.1775242 88.05178883
51.4982573 -0.1775242 88.09878883
51.4982571 -0.1775242 88.0967886
51.498257 -0.1775244 88.11278871
51.4982568 -0.1775246 88.0607887
51.4982567 -0.177525 88.00878904
51.4982564 -0.1775253 87.93078904
51.4982564 -0.1775258 87.83878961
51.4982564 -0.177526 87.69878984
51.4982563 -0.1775261 87.52778983
51.4982563 -0.1775263 87.35879006
51.4982568 -0.1775261 87.18179042
51.498257 -0.1775261 87.01279065
51.4982576 -0.177526 87.11679124
51.4982577 -0.1775258 87.17879113
51.4982577 -0.1775257 87.21579101
51.4982578 -0.1775251 87.22079044
51.4982579 -0.1775248 87.22179022
51.4982578 -0.1775246 87.16978987
51.4982577 -0.1775245 87.09178964
51.4982573 -0.1775247 86.9467894
51.4982566 -0.1775252 86.77978916
51.4982559 -0.1775256 86.72178879
51.4982551 -0.1775262 86.63878854
51.4982543 -0.1775268 86.51378829
51.4982542 -0.1775267 86.44278806
51.4982542 -0.1775265 86.33978783
51.4982543 -0.1775265 86.36878795
51.4982545 -0.1775264 86.40678807
51.4982551 -0.1775261 86.51178843
51.4982554 -0.1775266 86.54978935
51.4982558 -0.1775266 86.67178982
51.4982561 -0.1775269 86.84279051
51.4982566 -0.177527 87.05379121
51.4982569 -0.1775269 87.22479145
51.498257 -0.1775271 87.3897918
51.4982572 -0.1775276 87.6497926
51.4982573 -0.1775286 87.90379386
51.4982574 -0.1775294 88.08979489
51.4982581 -0.1775294 88.26779571
51.4982582 -0.1775296 88.35279606
51.4982579 -0.1775306 88.30079685
51.4982573 -0.1775317 88.32779741
51.4982565 -0.1775328 88.32179773
51.4982557 -0.1775329 88.37379691
51.4982562 -0.1775322 88.47179669
51.4982565 -0.1775312 88.3987959
51.4982566 -0.1775301 88.38579476
51.4982563 -0.17753 88.26679429
51.4982551 -0.1775306 88.10279358
51.4982542 -0.1775311 87.98479309
51.4982533 -0.1775315 87.9167925
51.4982524 -0.1775318 87.85379179
51.4982514 -0.1775323 87.71379119
51.4982505 -0.1775328 87.59679071
51.4982495 -0.1775333 87.42679011
51.4982484 -0.1775339 87.23178951
51.4982474 -0.1775339 86.98878834
51.4982463 -0.1775343 86.81778751
51.4982451 -0.1775344 86.53278623
51.4982442 -0.1775345 86.27978529
51.4982434 -0.1775347 86.04778458
51.4982423 -0.1775349 85.80778352
51.4982407 -0.1775356 85.55978245
51.4982393 -0.1775364 85.35178173
51.4982372 -0.1775374 85.09578042
51.4982352 -0.1775382 84.86777899
51.4982335 -0.1775389 84.5797778
51.4982318 -0.1775399 84.26977696
51.49823 -0.1775405 84.07577554
51.498228 -0.1775413 83.79977412
51.4982261 -0.1775423 83.58977304
51.4982243 -0.1775435 83.40677231
51.4982224 -0.1775451 83.31177191
51.4982209 -0.1775465 83.31577176
51.4982194 -0.1775474 83.26077103
51.4982182 -0.1775485 83.24877089
51.4982172 -0.1775495 83.20977086
51.4982162 -0.1775503 83.01077061
51.4982152 -0.1775516 82.85577092
51.4982144 -0.1775527 82.85877125
51.4982131 -0.1775534 82.61077053
51.4982122 -0.1775544 82.42677062
51.4982114 -0.1775549 82.19977025
51.4982113 -0.1775553 82.12777059
51.4982111 -0.1775557 81.98177082
51.4982112 -0.1775559 81.89677116
51.4982111 -0.1775564 81.77577162
51.4982107 -0.1775572 81.51877206
51.4982106 -0.1775583 81.34677321
51.4982106 -0.1775592 81.13977423
51.4982104 -0.1775607 80.92977572
51.4982103 -0.1775617 80.74077674
51.4982104 -0.1775624 80.56277766
51.4982103 -0.1775639 80.42377926
51.4982102 -0.1775661 80.26278166
51.4982102 -0.1775679 80.08078372
51.4982106 -0.1775687 79.9387851
51.4982109 -0.1775697 79.74378659
51.4982114 -0.177571 79.58678866
51.4982116 -0.1775724 79.3077905
51.4982119 -0.1775734 79.10379199
51.4982123 -0.1775741 78.92079326
51.4982124 -0.177575 78.66379441
51.4982135 -0.1775754 78.57379615
51.4982143 -0.1775766 78.52779846
51.4982147 -0.1775779 78.35780041
51.4982151 -0.1775794 78.1828026
51.498216 -0.1775799 78.02180422
51.498217 -0.1775802 77.77380573
51.4982185 -0.1775806 77.62580795
51.4982197 -0.1775811 77.41980992
51.498221 -0.1775817 77.24781213
51.4982223 -0.177582 77.03781399
51.4982238 -0.1775817 76.8628154
51.4982254 -0.177581 76.69581647
51.4982268 -0.1775803 76.48981731
51.4982281 -0.1775804 76.38181894
51.4982297 -0.1775806 76.35482104
51.4982311 -0.1775802 76.21482222
51.4982331 -0.1775795 76.19682376
51.4982352 -0.1775781 76.06682462
51.4982379 -0.1775772 76.07782675
51.4982395 -0.1775775 76.05082896
51.4982413 -0.1775781 76.12383175
51.498243 -0.177579 76.15983477
51.4982449 -0.1775803 76.24483848
51.4982464 -0.1775814 76.25084149
51.4982477 -0.1775815 76.07684313
51.4982494 -0.177582 76.04584569
51.498251 -0.1775826 75.95584824
51.498253 -0.1775824 75.83285035
51.4982542 -0.1775822 75.63285153
51.4982556 -0.1775819 75.43585282
51.4982578 -0.1775816 75.37985505
51.4982597 -0.1775812 75.27585682
51.4982616 -0.1775806 75.13885835
51.4982637 -0.1775801 75.09086024
51.4982661 -0.1775795 75.10186236
51.4982684 -0.1775787 75.03386413
51.4982705 -0.1775773 74.95386499
51.4982721 -0.1775762 74.7858656
51.4982736 -0.1775749 74.64486587
51.4982755 -0.1775733 74.64286626
51.4982777 -0.1775722 74.67486758
51.4982798 -0.1775712 74.62986889
51.4982814 -0.1775702 74.46786962
51.4982839 -0.1775681 74.52687014
51.4982861 -0.1775668 74.49387123
51.4982886 -0.177566 74.46687324
51.4982901 -0.1775651 74.31687396
51.4982913 -0.1775642 74.21187434
51.4982932 -0.1775632 74.17587541
51.4982947 -0.1775622 73.98187602
51.4982963 -0.177561 73.88287652
51.4982981 -0.17756 73.78187749
51.498299 -0.1775592 73.57987762
51.4983001 -0.1775583 73.40487788
51.4983018 -0.1775574 73.33187884
51.4983032 -0.1775567 73.23087968
51.4983048 -0.1775558 73.12788052
51.4983063 -0.1775544 73.05688067
51.4983074 -0.177553 72.91488036
51.4983093 -0.1775518 72.89988121
51.4983111 -0.1775505 72.86088183
51.4983125 -0.177549 72.74088175
51.4983141 -0.1775473 72.66688167
51.498316 -0.1775456 72.59288195
51.4983176 -0.1775441 72.46488211
51.4983193 -0.1775428 72.55888261
51.4983209 -0.1775415 72.68988299
51.4983223 -0.1775402 72.71488315
51.4983234 -0.1775386 72.5978826
51.4983244 -0.1775372 72.52988217
51.498326 -0.1775362 72.5958829
51.4983271 -0.1775352 72.57088304
51.4983278 -0.1775337 72.49788214
51.4983284 -0.1775321 72.47988102
51.4983294 -0.1775307 72.58588058
51.4983305 -0.1775295 72.5678805
51.4983313 -0.1775283 72.46888006
51.4983321 -0.1775269 72.5018794
51.4983337 -0.1775257 72.7828799
51.4983345 -0.1775239 72.69687877
51.4983355 -0.1775223 72.64487811
51.4983374 -0.177521 72.88487885
51.4983396 -0.1775196 73.18087982
51.4983405 -0.1775181 73.10287916
51.4983407 -0.1775162 72.80187722
51.4983412 -0.1775143 72.68487563
51.4983419 -0.1775124 72.49487428
51.4983424 -0.1775103 72.36587246
51.4983431 -0.1775081 72.32687076
51.4983435 -0.1775061 72.20186894
51.4983445 -0.1775045 72.18386828
51.4983451 -0.1775023 71.99186647
51.4983447 -0.1774997 71.57686303
51.4983444 -0.177497 71.22585959
51.4983438 -0.1774945 70.76685603
51.4983435 -0.1774918 70.44085259
51.4983431 -0.1774892 70.04184915
51.4983433 -0.1774866 69.93484641
51.4983439 -0.177484 69.90584414
51.4983448 -0.1774817 69.88184256
51.4983457 -0.1774796 69.91084121
51.4983465 -0.1774778 69.87384009
51.4983469 -0.1774756 69.80683804
51.4983472 -0.1774729 69.7658353
51.4983476 -0.1774706 69.70183314
51.498348 -0.1774683 69.67183098
51.4983481 -0.1774656 69.67082801
51.4983481 -0.1774629 69.60382492
51.4983482 -0.1774607 69.52182252
51.4983481 -0.177458 69.40981932
51.498348 -0.1774548 69.44981554
51.4983482 -0.177453 69.32081372
51.4983484 -0.177451 69.33381166
51.4983483 -0.1774481 69.28080823
51.4983482 -0.1774454 69.24180503
51.4983479 -0.1774428 69.1818017
51.4983474 -0.1774404 69.12179837
51.4983467 -0.1774382 69.05379504
51.4983461 -0.1774361 68.88179194
51.4983454 -0.177434 68.70578872
51.4983443 -0.1774315 68.54978457
51.498343 -0.1774287 68.27277985
51.4983419 -0.1774263 67.94277582
51.4983409 -0.1774241 67.66377213
51.4983399 -0.1774215 67.48076799
51.4983388 -0.1774189 67.31276373
51.4983379 -0.1774165 67.17175993
51.4983373 -0.1774146 67.00875706
51.4983366 -0.1774131 66.90875453
51.4983358 -0.1774116 66.78075188
51.4983349 -0.1774099 66.66474888
51.4983341 -0.1774081 66.58374589
51.4983332 -0.1774063 66.49574277
51.4983321 -0.1774042 66.49273909
51.4983309 -0.1774026 66.38773585
51.4983298 -0.1774007 66.3147324
51.4983288 -0.1773991 66.1147294
51.498328 -0.1773977 65.97072686
51.4983273 -0.1773962 66.03872433
51.4983265 -0.1773945 66.14872145
51.4983255 -0.177393 66.02971856
51.4983246 -0.1773914 66.11871568
51.4983233 -0.1773901 66.04171267
51.4983217 -0.1773895 65.74571012
51.4983209 -0.1773892 66.03070884
51.4983204 -0.1773898 66.50970894
51.4983195 -0.1773895 66.72670754
51.4983191 -0.1773897 67.45970731
51.4983182 -0.1773896 67.92670614
51.4983171 -0.1773893 68.07470451
51.4983159 -0.1773895 68.54570333
51.4983152 -0.1773907 69.31670389
51.4983144 -0.1773918 69.98870421
51.4983133 -0.1773913 70.33770235
51.4983118 -0.1773914 70.61970071
51.4983107 -0.1773919 70.9487
51.4983097 -0.1773924 71.2116994
51.4983086 -0.1773929 71.55969869
51.4983076 -0.1773936 71.79669832
51.4983065 -0.1773946 72.07269817
51.4983053 -0.1773948 72.178697
51.498304 -0.1773954 72.21169617
51.4983025 -0.1773965 72.10969567
51.4983008 -0.1773984 71.90269585
51.4982991 -0.1773993 71.66169489
51.4982976 -0.1774004 71.3176944
51.4982962 -0.1774021 71.0576947
51.4982949 -0.1774037 70.96169501
51.4982934 -0.177405 70.75969475
51.498292 -0.1774058 70.60869402
51.4982906 -0.1774069 70.39469364
51.4982894 -0.1774086 70.21569419
51.4982879 -0.1774099 69.94669392
51.4982862 -0.1774117 69.74469399
51.4982846 -0.1774132 69.60869383
51.4982829 -0.1774144 69.39669322
51.498281 -0.1774159 69.21569271
51.4982793 -0.1774174 69.01169244
51.4982779 -0.1774191 68.94969274
51.4982767 -0.1774204 68.85569283
51.4982756 -0.1774215 68.8466928
51.4982744 -0.1774229 68.876693
51.4982732 -0.1774241 68.90069296
51.498272 -0.1774252 68.94369282
51.4982708 -0.1774263 68.86769267
51.4982699 -0.1774281 69.04869368
51.4982688 -0.1774291 69.10469354
51.4982678 -0.17743 69.1196934
51.4982669 -0.1774314 69.21969394
51.498266 -0.1774328 69.34069449
51.498265 -0.1774342 69.37069492
51.4982642 -0.1774355 69.36069547
51.4982633 -0.1774375 69.39369671
51.4982626 -0.1774391 69.46869772
51.4982622 -0.1774406 69.58269897
51.4982615 -0.1774425 69.56670032
51.4982606 -0.1774446 69.43470167
51.49826 -0.1774467 69.38870337
51.4982592 -0.177449 69.28570506
51.4982586 -0.1774511 69.24870676
51.4982584 -0.1774531 69.21970882
51.4982581 -0.1774551 69.18171075
51.4982574 -0.1774569 69.12471199
51.4982575 -0.1774587 69.26171417
51.4982569 -0.1774605 69.18171552
51.498257 -0.1774622 69.17571758
51.4982571 -0.1774636 69.1497193
51.4982571 -0.177465 69.1237209
51.4982572 -0.1774666 69.10072285
51.4982577 -0.1774685 69.20472561
51.4982581 -0.1774697 69.17672745
51.4982582 -0.1774709 69.05972894
51.4982589 -0.1774719 69.0857309
51.4982593 -0.1774732 69.05673285
51.49826 -0.1774746 69.13373527
51.4982606 -0.177476 69.13673757
51.4982609 -0.1774775 69.14573964
51.498261 -0.1774792 69.2327417
51.4982615 -0.1774802 69.34274343
51.498262 -0.1774813 69.30774527
51.4982622 -0.1774831 69.20474756
51.4982624 -0.1774848 69.05474974
51.4982632 -0.1774867 69.01475285
51.4982639 -0.1774884 68.98175561
51.4982645 -0.17749 68.92775814
51.4982651 -0.1774918 68.9277609
51.4982653 -0.1774933 68.81676285
51.4982655 -0.1774956 68.82576572
51.4982663 -0.1774977 68.86976905
51.4982673 -0.1774998 68.91477262
51.4982677 -0.1775022 68.92177584
51.4982687 -0.1775049 69.18278009
51.4982696 -0.1775076 69.34078423
51.4982705 -0.1775099 69.51978792
51.4982715 -0.1775115 69.61679092
51.498272 -0.1775133 69.57779356
51.4982725 -0.1775151 69.5567962
51.4982732 -0.1775164 69.44779851
51.4982742 -0.1775172 69.31380059
51.4982748 -0.1775179 69.11680209
51.4982757 -0.1775184 69.04980372
51.4982765 -0.1775192 68.93080557
51.4982771 -0.1775199 68.72080707
51.4982783 -0.1775206 68.61380927
51.4982799 -0.1775212 68.57481183
51.4982816 -0.1775211 68.6368137
51.4982827 -0.177522 68.64381602
51.4982843 -0.1775226 68.75081858
51.4982857 -0.1775234 68.85482113
51.4982874 -0.1775238 68.87882358
51.4982888 -0.1775234 68.89582476
51.4982893 -0.1775234 68.72282534
51.4982909 -0.1775237 68.73082755
51.4982929 -0.1775233 68.87982944
51.4982961 -0.1775235 69.24883341
51.4982969 -0.177523 69.11483377
51.4982978 -0.1775226 68.94583437
51.498299 -0.1775221 68.8278352
51.4983001 -0.1775218 68.72583614
51.4983013 -0.1775217 68.56883743
51.4983024 -0.1775216 68.3968386
51.4983032 -0.1775215 68.21283942
51.4983045 -0.1775212 68.0808406
51.4983053 -0.1775207 67.85484096
51.4983063 -0.1775203 67.67084168
51.4983077 -0.1775201 67.54884309
51.4983089 -0.1775193 67.42784357
51.4983103 -0.1775185 67.3368443
51.4983119 -0.1775178 67.32084537
51.4983133 -0.1775169 67.21384597
51.4983148 -0.1775158 67.16084647
51.4983166 -0.1775147 67.23884732
51.4983179 -0.1775134 67.18384735
51.4983197 -0.1775123 67.2188482
51.4983213 -0.177511 67.23684858
51.4983227 -0.1775096 67.14684862
51.4983243 -0.1775084 67.16884912
51.4983262 -0.1775073 67.32285008
51.4983275 -0.1775056 67.29784966
51.4983288 -0.1775039 67.33084924
51.4983303 -0.1775024 67.32384927
51.4983312 -0.1775005 67.13084815
51.4983325 -0.1774987 67.11284762
51.4983334 -0.177497 66.99684673
51.4983343 -0.1774951 66.9468456
51.4983348 -0.1774931 66.7118439
51.4983359 -0.1774914 66.64384324
51.4983369 -0.1774896 66.48184236
51.4983384 -0.1774877 66.52284194
51.4983392 -0.1774856 66.39984047
51.4983402 -0.1774835 66.34583924
51.4983409 -0.1774815 66.14283777
51.4983416 -0.1774791 66.04083585
51.4983421 -0.1774762 65.95483311
51.4983421 -0.1774732 65.68382968
51.4983406 -0.1774699 65.11382416
51.4983406 -0.177467 64.93282084
51.4983412 -0.1774645 64.88681868
51.4983417 -0.1774621 64.83081652
51.4983419 -0.1774593 64.80381355
51.4983422 -0.1774565 64.7548107
51.4983425 -0.1774537 64.69780785
51.4983428 -0.177451 64.62680512
51.498343 -0.1774482 64.60580215
51.4983434 -0.1774459 64.54779999
51.4983443 -0.1774437 64.64779852
51.498345 -0.1774415 64.72479682
51.4983453 -0.1774391 64.79479443
51.4983454 -0.1774363 64.92179135
51.4983457 -0.1774336 64.91178861
51.4983459 -0.1774312 64.9337861
51.4983457 -0.1774289 64.86078324
51.4983455 -0.1774262 64.88577991
51.4983453 -0.1774234 64.94377648
51.4983453 -0.1774212 64.95577396
51.4983447 -0.1774185 64.84477017
51.498344 -0.1774155 64.79376592
51.4983434 -0.1774129 64.61176225
51.4983428 -0.1774102 64.54375846
51.4983421 -0.1774076 64.43275467
51.4983412 -0.1774049 64.31875053
51.4983406 -0.1774026 64.1457472
51.4983396 -0.1774002 64.04774328
51.4983388 -0.1773979 63.97673972
51.4983381 -0.177396 63.80873673
51.4983371 -0.1773939 63.66473316
51.4983361 -0.1773913 63.57172901
51.498335 -0.1773885 63.43172453
51.4983339 -0.1773864 63.33772084
51.4983329 -0.1773844 63.32071738
51.498332 -0.1773824 63.28171404
51.498331 -0.1773806 63.25371082
51.4983301 -0.1773788 63.3117077
51.4983291 -0.177377 63.33970448
51.4983278 -0.1773749 63.40870056
51.4983269 -0.1773735 63.5586979
51.4983261 -0.1773721 63.82469537
51.498325 -0.1773706 63.79069236
51.4983239 -0.1773688 63.80668902
51.4983227 -0.1773673 63.7736859
51.4983216 -0.1773656 63.79768267
51.4983204 -0.177364 63.79967944
51.4983189 -0.177363 63.69067654
51.4983174 -0.1773621 63.58967376
51.4983156 -0.1773614 63.45267085
51.4983146 -0.1773616 63.94466991
51.4983133 -0.1773625 63.95466942
51.4983117 -0.1773628 63.83966789
51.4983102 -0.1773642 63.50266774
51.4983094 -0.1773659 63.80866875
51.4983083 -0.1773673 64.12666906
51.498307 -0.1773685 64.42966891
51.4983061 -0.1773708 64.98867049
51.4983058 -0.1773734 65.83467311
51.4983054 -0.1773765 66.34767619
51.4983053 -0.1773817 67.05068202
51.4983046 -0.1773863 67.59668646
51.4983035 -0.1773899 67.84168929
51.4983019 -0.1773913 67.91168902
51.4983001 -0.1773928 67.65568863
51.4982986 -0.1773938 67.47968802
51.4982976 -0.1773945 67.16768765
51.4982967 -0.1773936 67.05268557
51.4982963 -0.1773919 66.93668316
51.4982963 -0.1773909 66.86968202
51.4982972 -0.177392 67.26268433
51.4982989 -0.177394 67.5026886
51.498301 -0.1773953 67.34169254
51.4983034 -0.1773953 67.11669535
51.4983052 -0.1773956 67.1436978
51.4983071 -0.1773969 67.34670151
51.4983091 -0.177397 67.29970396
51.498311 -0.1773977 67.18570698
51.498313 -0.1773994 67.01771126
51.4983151 -0.1774014 66.82571601
51.4983175 -0.1774036 66.69972133
51.4983195 -0.1774054 66.44972573
51.4983215 -0.1774075 66.28273047
51.4983235 -0.1774101 66.10873578
51.4983255 -0.1774124 65.96874075
51.498328 -0.1774145 65.72874607
51.4983302 -0.177416 65.43875036
51.4983323 -0.1774182 65.22375533
51.4983342 -0.1774198 64.94775938
51.4983363 -0.1774208 64.79976298
51.4983386 -0.1774222 64.62776727
51.4983421 -0.1774239 64.82577331
51.498344 -0.1774251 64.5167769
51.4983468 -0.1774259 64.47878109
51.4983493 -0.1774264 64.31178459
51.498351 -0.1774264 63.97078657
51.4983528 -0.1774266 63.73778891
51.4983539 -0.1774266 63.41779019
51.4983544 -0.1774266 62.85079078
51.4983553 -0.1774264 62.4267916
51.4983562 -0.1774258 61.94079197
51.498357 -0.177425 61.51279199
51.4983576 -0.177424 61.01279155
51.4983585 -0.1774225 60.63679089
51.498359 -0.1774209 60.11078964
51.4983597 -0.1774192 59.68778851
51.4983609 -0.1774179 59.46578843
51.4983616 -0.1774168 59.07078799
51.4983622 -0.1774157 58.69078744
51.4983633 -0.1774149 58.33178781
51.4983644 -0.1774142 57.92778829
51.4983654 -0.1774134 57.44878855
51.4983665 -0.1774123 56.91778858
51.4983678 -0.1774112 56.57778884
51.4983702 -0.1774107 56.43179107
51.4983718 -0.1774099 56.14679203
51.4983732 -0.1774091 55.93879275
51.4983747 -0.1774083 55.66279359
51.4983796 -0.1774093 56.46880046
51.4983853 -0.1774107 57.27880873
51.4983899 -0.1774117 57.85181525
51.4983948 -0.1774135 58.49082304
51.4983995 -0.1774151 59.19383037
51.4984035 -0.1774163 59.69683642
51.4984067 -0.1774179 60.07484199
51.4984095 -0.1774192 60.29684675
51.4984131 -0.1774215 60.59285359
51.4984137 -0.1774224 60.23185532
51.498415 -0.1774233 60.28085787
51.4984158 -0.1774233 60.08285881
51.498416 -0.1774226 59.96585824
51.4984174 -0.177423 60.13786033
51.4984191 -0.1774238 60.38686324
51.4984195 -0.1774238 60.4188637
51.4984197 -0.1774237 60.40086382
51.4984201 -0.1774239 60.50286452
51.4984219 -0.1774246 60.51586743
51.4984224 -0.1774252 60.5328687
51.4984224 -0.1774264 60.69987007
51.4984236 -0.1774269 60.72187204
51.4984236 -0.1774257 60.76887067
51.4984242 -0.1774251 60.82487069
51.4984241 -0.1774245 60.92686988
51.4984233 -0.1774235 60.92386781
51.4984225 -0.1774226 60.94786584
51.4984217 -0.1774219 60.9468641
51.4984202 -0.1774213 60.97286166
51.4984188 -0.1774208 60.98885946
51.4984174 -0.1774203 61.03385725
51.4984166 -0.1774201 61.01385608
51.4984164 -0.1774202 60.97685596
51.4984164 -0.1774209 61.26685676
51.4984167 -0.1774216 61.49985791
51.4984166 -0.1774223 61.8508586
51.4984168 -0.1774233 62.27685998
