51.4984369 -0.1774292 52.16689023
51.4984366 -0.177429 52.19188965
51.4984364 -0.1774289 52.1738893
51.4984361 -0.1774287 52.20688872
51.4984358 -0.1774285 52.13688814
51.4984354 -0.1774284 52.13988756
51.4984353 -0.1774276 52.08188653
51.498435 -0.1774266 52.08288503
51.4984347 -0.1774261 52.03188411
51.4984345 -0.1774258 51.99688353
51.4984342 -0.1774259 51.9848833
51.498434 -0.177426 51.97088318
51.4984342 -0.1774259 51.9578833
51.4984341 -0.1774255 52.02888272
51.498434 -0.1774252 52.05688226
51.4984335 -0.1774259 52.25488248
51.4984329 -0.1774268 52.4278828
51.4984317 -0.1774291 52.93188403
51.4984307 -0.1774313 53.42388538
51.4984302 -0.1774323 53.61888594
51.4984297 -0.177432 53.71588501
51.4984297 -0.1774316 53.63888455
51.4984271 -0.1774368 54.86388746
51.4984265 -0.1774357 54.9118855
51.4984261 -0.1774349 54.90488412
51.4984227 -0.1774421 56.55388837
51.4984219 -0.1774437 57.06388927
51.4984186 -0.1774514 58.95689421
51.4984153 -0.1774591 60.94389916
51.4984118 -0.1774656 62.4999025
51.4984102 -0.1774695 63.29090509
51.4984098 -0.1774715 63.69190691
51.4984101 -0.1774734 63.92990943
51.4984105 -0.1774739 63.97891047
51.4984111 -0.1774737 63.97991095
51.4984115 -0.1774734 63.96491107
51.498412 -0.1774732 63.92291143
51.4984123 -0.1774729 63.89591143
51.4984128 -0.1774725 63.84391156
51.4984134 -0.1774722 63.75791192
51.498414 -0.1774716 63.68091194
51.4984143 -0.1774713 63.80491194
51.4984134 -0.1774719 64.05791158
51.4984133 -0.1774704 63.86590975
51.4984135 -0.1774702 63.89390975
51.498413 -0.1774705 63.96490951
51.4984127 -0.1774714 64.10791019
51.4984123 -0.1774719 64.23191029
51.4984123 -0.1774735 64.52191212
51.4984122 -0.1774751 64.81091383
51.4984121 -0.1774766 65.08291543
51.4984115 -0.1774779 65.32491622
51.4984108 -0.1774789 65.49591654
51.4984093 -0.1774831 66.31391959
51.4984078 -0.1774874 67.13492275
51.4984062 -0.1774916 67.96892569
51.4984056 -0.1774943 68.43592807
51.4984043 -0.1774983 69.12593113
51.4984028 -0.1775018 69.73693337
51.4984026 -0.1775019 69.76693326
51.4984026 -0.177502 69.79293337
51.4984025 -0.1775023 69.8239336
51.4984026 -0.1775026 69.82793406
51.4984031 -0.1775023 69.7469343
51.4984039 -0.1775018 69.66693466
51.4984047 -0.1775012 69.60093491
51.4984057 -0.1775003 69.55793505
51.4984065 -0.1774994 69.56093496
51.4984073 -0.1774986 69.57193498
51.4984074 -0.1774975 69.62793384
51.4984074 -0.1774959 69.64893201
51.4984074 -0.1774944 69.71793029
51.4984079 -0.1774927 69.64392893
51.498408 -0.1774916 69.62692779
51.4984082 -0.1774905 69.62792677
51.4984085 -0.1774891 69.58792552
51.4984086 -0.1774875 69.4959238
51.4984072 -0.1774878 69.92092251
51.4984055 -0.1774886 70.35792144
51.4984043 -0.1774893 70.79392083
51.498404 -0.1774887 70.7639198
51.4984032 -0.1774884 70.85391852
51.4984026 -0.1774883 71.0069177
51.4984021 -0.1774883 71.13791712
51.4984017 -0.1774883 71.28791665
51.4984012 -0.1774883 71.46891607
51.4984011 -0.1774879 71.52091549
51.4984009 -0.1774883 71.48191571
51.4984009 -0.177489 71.50191651
51.498401 -0.177489 71.45691663
51.498401 -0.1774891 71.38391675
51.4984009 -0.1774887 71.25591617
51.4984009 -0.1774885 71.01891594
51.4984003 -0.1774889 70.7859157
51.4984 -0.1774893 70.50991581
51.4983997 -0.1774893 70.25791545
51.4983991 -0.17749 70.15091555
51.4983987 -0.1774901 70.0149152
51.4983975 -0.1774904 69.88991414
51.4983966 -0.1774894 69.52991194
51.4983957 -0.1774897 69.40791123
51.4983945 -0.1774903 69.27691052
51.4983942 -0.1774906 69.05691051
51.4983932 -0.1774901 68.94990877
51.4983934 -0.1774898 68.69390866
51.4983932 -0.1774903 68.638909
51.4983931 -0.1774902 68.62190877
51.4983935 -0.1774902 68.61090923
51.4983938 -0.1774901 68.65290947
51.4983941 -0.1774904 68.75391016
51.4983943 -0.1774907 68.82391074
51.498394 -0.1774911 68.91391085
51.4983935 -0.1774917 68.93191095
51.4983932 -0.177492 68.97991094
51.498393 -0.1774919 69.05791059
51.4983932 -0.1774915 69.07891037
51.4983935 -0.1774912 69.05191038
51.4983942 -0.1774905 69.0019104
51.4983948 -0.1774898 68.9789103
51.4983953 -0.1774888 68.92490974
51.4983957 -0.1774881 68.8599094
51.4983961 -0.1774874 68.85090907
51.4983967 -0.1774867 68.90290897
51.4983972 -0.1774862 68.97590899
51.4983976 -0.1774862 69.04490945
51.4983981 -0.1774862 69.12791004
51.4983986 -0.1774865 69.23691097
51.4983991 -0.1774869 69.31891201
51.4983994 -0.1774879 69.3029135
51.4983996 -0.1774888 69.34591477
51.4984 -0.1774887 69.38691512
51.4984001 -0.177488 69.43591444
51.4983998 -0.1774877 69.50091374
51.4983997 -0.1774877 69.73891362
51.4983995 -0.1774875 69.81791316
51.4983991 -0.177488 69.89691327
51.4983986 -0.1774891 69.82391394
51.4983985 -0.1774893 69.73791405
51.4983985 -0.1774887 69.50491337
51.4983982 -0.1774883 69.27491256
51.4983975 -0.1774884 69.23091185
51.4983964 -0.1774886 69.21991079
51.4983951 -0.1774888 69.2239095
51.4983943 -0.1774889 69.17890868
51.4983943 -0.1774887 69.15690845
51.4983946 -0.1774882 69.01990823
51.4983947 -0.1774879 68.92690801
51.4983946 -0.1774871 68.71790697
51.4983945 -0.1774872 68.68690697
51.4983949 -0.1774874 68.67690767
51.4983953 -0.1774877 68.67690848
51.4983954 -0.177488 68.67090894
51.4983957 -0.1774878 68.62690906
51.4983958 -0.1774873 68.50990861
51.4983958 -0.1774866 68.33190781
51.4983955 -0.1774862 68.184907
51.4983949 -0.1774854 68.01790538
51.4983941 -0.1774846 67.86890353
51.4983933 -0.1774842 67.73490214
51.4983852 -0.1774911 68.61390056
51.4983771 -0.1774971 69.37789794
51.4983687 -0.1775032 70.1928951
51.4983578 -0.177513 71.45589356
51.4983472 -0.1775223 72.6578918
51.4983402 -0.1775269 73.24488887
51.4983337 -0.1775321 73.73388721
51.4983248 -0.1775403 74.57988618
51.4983156 -0.1775493 75.56788572
51.498307 -0.1775579 76.41188549
51.4982987 -0.1775655 77.18588448
51.4982934 -0.1775696 77.47788297
51.4982902 -0.1775709 77.42388071
51.498287 -0.1775726 77.36287891
51.4982838 -0.1775742 77.245877
51.4982813 -0.1775749 77.11187488
51.4982792 -0.1775747 76.91687219
51.4982769 -0.1775747 76.7288695
51.4982741 -0.1775752 76.6148668
51.4982712 -0.177576 76.55786432
51.4982665 -0.1775785 76.76086168
51.4982628 -0.1775794 76.79385838
51.4982602 -0.1775788 76.70485466
51.4982576 -0.1775781 76.58385082
51.4982553 -0.1775775 76.45884744
51.4982529 -0.1775768 76.31784383
51.4982503 -0.1775754 76.23583919
51.4982479 -0.1775742 76.16583501
51.4982459 -0.1775728 76.04983107
51.4982442 -0.1775706 75.98082657
51.4982426 -0.1775687 75.94482252
51.4982413 -0.1775666 75.8318186
51.498239 -0.1775651 75.8808142
51.4982372 -0.1775634 75.76681015
51.4982355 -0.177562 75.63280656
51.4982336 -0.1775613 75.52280354
51.4982312 -0.1775614 75.52080084
51.4982291 -0.1775613 75.46179827
51.4982275 -0.1775608 75.41679583
51.4982262 -0.1775594 75.40179271
51.498225 -0.1775575 75.28478913
51.4982244 -0.1775557 75.07978637
51.4982239 -0.1775541 74.93378396
51.4982238 -0.1775513 74.84278064
51.4982238 -0.1775488 74.74477778
51.4982233 -0.177547 74.54677514
51.4982228 -0.1775447 74.42477192
51.498222 -0.177543 74.40576904
51.4982213 -0.1775411 74.22476605
51.4982207 -0.1775392 74.13876318
51.4982201 -0.1775382 74.12176133
51.4982193 -0.1775372 73.99075925
51.4982192 -0.1775348 73.87075639
51.4982186 -0.1775335 73.7707542
51.4982181 -0.1775321 73.60875202
51.4982177 -0.1775309 73.56875018
51.4982174 -0.1775299 73.45274868
51.4982174 -0.1775286 73.3177472
51.4982176 -0.1775277 73.1727464
51.4982175 -0.1775277 73.00174629
51.4982174 -0.1775279 72.9427464
51.4982175 -0.1775272 72.90474571
51.4982178 -0.1775265 72.83074526
51.4982179 -0.1775266 72.7437455
51.4982179 -0.177527 72.66174595
51.498218 -0.1775273 72.61274641
51.498218 -0.1775277 72.55174687
51.4982182 -0.1775275 72.49074688
51.4982182 -0.1775275 72.43974688
51.4982183 -0.177527 72.31774642
51.4982183 -0.1775271 72.25274654
51.4982182 -0.1775279 72.16574733
51.4982179 -0.1775287 72.0607479
51.4982176 -0.1775293 72.01674823
51.4982173 -0.1775294 71.919748
51.4982175 -0.1775286 71.73274731
51.498218 -0.177528 71.52874721
51.4982179 -0.1775288 71.46274801
51.4982179 -0.1775295 71.36274881
51.4982181 -0.1775301 71.20674973
51.4982182 -0.1775309 71.02875076
51.4982176 -0.1775325 70.93375189
51.4982171 -0.177534 70.87075302
51.4982174 -0.1775342 70.7037536
51.4982178 -0.1775343 70.53775418
51.4982182 -0.1775345 70.43075488
51.4982186 -0.1775345 70.34575535
51.4982188 -0.1775351 70.28675627
51.4982191 -0.1775353 70.22075685
51.4982187 -0.1775359 70.18175707
51.4982186 -0.1775362 70.06075729
51.4982189 -0.1775359 69.9337573
51.4982191 -0.1775358 69.87075742
51.4982196 -0.1775354 69.77075755
51.49822 -0.1775351 69.69375767
51.4982208 -0.1775341 69.45375746
51.4982213 -0.1775334 69.30675725
51.4982214 -0.177533 69.21775691
51.4982215 -0.1775327 69.17175668
51.4982216 -0.1775325 69.13675657
51.4982218 -0.1775317 69.00575589
51.4982221 -0.1775312 68.91675567
51.4982227 -0.1775304 68.78775545
51.4982232 -0.1775298 68.64875535
51.4982244 -0.1775285 68.36675527
51.4982253 -0.1775276 68.13975529
51.498226 -0.1775268 67.9657552
51.4982266 -0.1775262 67.85175521
51.4982269 -0.1775258 67.75775511
51.498227 -0.1775254 67.64075477
51.4982268 -0.1775256 67.61775476
51.4982268 -0.1775258 67.60975499
51.4982275 -0.1775252 67.53675512
51.4982282 -0.1775249 67.4857556
51.4982291 -0.1775244 67.35875608
51.4982297 -0.1775248 67.36875724
51.49823 -0.1775257 67.43375862
51.4982301 -0.1775263 67.45875942
51.49823 -0.1775268 67.51675988
51.49823 -0.1775269 67.54975999
51.4982301 -0.1775267 67.50675988
51.4982304 -0.1775266 67.39976011
51.4982311 -0.1775256 67.23475979
51.4982314 -0.1775252 67.17775968
51.498232 -0.177524 67.03175901
51.4982322 -0.1775239 66.99575913
51.4982325 -0.1775237 66.93875925
51.4982327 -0.1775236 66.88975937
51.4982337 -0.1775218 66.62375849
51.4982341 -0.1775213 66.51475838
51.4982342 -0.1775214 66.48975861
51.4982345 -0.177521 66.41375851
51.4982344 -0.1775215 66.48275896
51.4982347 -0.1775213 66.47275908
51.498235 -0.1775213 66.49675943
51.4982352 -0.1775213 66.49875967
51.4982355 -0.1775207 66.42575933
51.498236 -0.1775194 66.28075843
51.4982364 -0.1775184 66.19675776
51.4982367 -0.1775173 66.09875685
51.4982368 -0.177517 66.03275662
51.4982369 -0.1775169 65.96575662
51.498237 -0.1775163 65.87575606
51.4982368 -0.1775161 65.85975559
51.4982368 -0.1775154 65.76775479
51.4982368 -0.1775146 65.66875388
51.498237 -0.1775138 65.5477532
51.498237 -0.1775135 65.50675285
51.4982371 -0.1775131 65.43975251
51.4982374 -0.1775126 65.35575229
51.4982376 -0.1775129 65.37375287
51.4982378 -0.1775131 65.35575333
51.4982381 -0.1775129 65.28575345
51.4982383 -0.1775126 65.21475335
51.4982387 -0.177512 65.13075313
51.498239 -0.1775107 64.99675199
51.4982393 -0.1775097 64.8937512
51.4982395 -0.1775085 64.71675006
51.4982389 -0.1775087 64.68674959
51.4982386 -0.1775083 64.59874878
51.4982384 -0.1775079 64.48774809
51.498238 -0.1775074 64.36074705
51.4982377 -0.1775067 64.2317459
51.4982374 -0.1775059 64.08174463
51.4982371 -0.1775056 63.96074394
51.4982367 -0.1775055 63.89774336
51.4982364 -0.1775054 63.83974289
51.4982357 -0.177506 63.83474276
51.4982351 -0.1775062 63.74074228
51.4982347 -0.1775063 63.68074193
51.4982334 -0.177508 63.79974235
51.498233 -0.1775079 63.66474177
51.4982327 -0.177508 63.62774154
51.4982323 -0.1775079 63.54174095
51.4982319 -0.1775078 63.48474037
51.4982314 -0.1775077 63.44973967
51.4982312 -0.1775071 63.32273875
51.4982309 -0.1775071 63.2267384
51.4982305 -0.1775071 63.17473793
51.4982307 -0.1775058 62.98973668
51.4982302 -0.177506 62.94573633
51.4982303 -0.1775055 62.82773587
51.4982303 -0.1775048 62.72873507
51.49823 -0.1775045 62.64473438
51.4982297 -0.1775044 62.57073391
51.4982289 -0.1775073 62.91073629
51.4982277 -0.1775118 63.50674003
51.4982267 -0.1775158 63.96274344
51.4982259 -0.1775173 64.09574422
51.4982252 -0.1775176 64.07474374
51.4982247 -0.1775178 63.94874339
51.4982239 -0.1775184 63.86274314
51.4982234 -0.177519 63.82374324
51.4982231 -0.1775188 63.70674266
51.4982229 -0.1775186 63.6447422
51.4982233 -0.1775173 63.37774118
51.498224 -0.177516 63.20974051
51.4982239 -0.1775191 63.68874394
51.498224 -0.1775201 63.8327452
51.498224 -0.1775209 63.90174611
51.4982241 -0.1775215 63.93774691
51.4982243 -0.1775218 63.91774749
51.4982245 -0.1775217 63.81674761
51.4982244 -0.1775221 63.83474795
51.498224 -0.1775242 64.09674989
51.4982238 -0.1775263 64.32775205
51.4982237 -0.1775281 64.57375399
51.4982235 -0.1775301 64.84675605
51.4982235 -0.1775316 65.02275776
51.4982233 -0.1775332 65.19575936
51.4982236 -0.1775329 65.07375937
51.4982242 -0.1775319 64.94375892
51.4982246 -0.1775317 64.87975916
51.498225 -0.1775315 64.8237594
51.4982254 -0.1775309 64.66075918
51.4982267 -0.1775295 64.5617591
51.498228 -0.1775273 64.27475811
51.4982295 -0.177525 63.94275723
51.4982309 -0.1775227 63.64475624
51.4982319 -0.177522 63.55775661
51.4982327 -0.1775219 63.57175743
51.4982336 -0.1775218 63.60275837
51.4982343 -0.1775219 63.6107593
51.4982352 -0.1775235 63.89276218
51.4982362 -0.1775235 63.85376335
51.4982369 -0.1775237 63.8607644
51.4982375 -0.1775244 63.9537659
51.4982379 -0.1775264 64.21676866
51.4982382 -0.177527 64.19876969
51.4982386 -0.1775269 64.06677005
51.4982392 -0.1775268 63.95977064
51.4982399 -0.1775268 63.85877145
51.4982406 -0.1775267 63.75377216
51.4982413 -0.1775267 63.62677298
51.4982419 -0.1775267 63.53277368
51.4982423 -0.1775266 63.43677403
51.498243 -0.1775267 63.28377496
51.498244 -0.1775268 63.25477625
51.4982448 -0.177527 63.20277741
51.4982455 -0.1775272 63.19177846
51.4982462 -0.177529 63.36778134
51.498247 -0.1775308 63.64078433
51.4982476 -0.1775317 63.64678606
51.4982484 -0.1775325 63.68278791
51.4982492 -0.1775331 63.71978953
51.4982501 -0.1775342 63.91679184
51.4982505 -0.1775345 63.84879266
51.4982516 -0.1775338 63.87679314
51.4982521 -0.1775341 63.81979407
51.4982525 -0.1775344 63.74479488
51.4982532 -0.1775345 63.81679581
51.4982537 -0.177535 63.76079697
51.4982545 -0.1775348 63.73479768
51.4982551 -0.1775349 63.71579849
51.4982556 -0.1775357 63.75779999
51.4982562 -0.1775364 63.90380149
51.4982571 -0.1775373 63.99680358
51.4982579 -0.1775382 64.03580554
51.4982584 -0.1775389 64.07180693
51.4982591 -0.1775392 64.16580809
51.4982597 -0.1775396 64.15780925
51.4982602 -0.1775397 64.20780995
51.4982607 -0.1775397 64.14281053
51.4982616 -0.1775389 64.11881067
51.4982628 -0.1775383 64.17181139
51.4982641 -0.1775376 64.19481211
51.4982651 -0.1775371 64.1888127
51.4982664 -0.1775361 64.38981308
51.4982674 -0.1775355 64.44881356
51.4982698 -0.177534 65.10981466
51.4982717 -0.1775328 65.58681551
51.4982739 -0.1775314 66.24481648
51.4982754 -0.1775306 66.49481732
51.4982771 -0.1775303 66.87081896
51.4982784 -0.1775305 66.98582071
51.4982798 -0.1775307 67.11982258
51.4982812 -0.1775312 67.30582479
51.4982823 -0.1775316 67.31982653
51.4982835 -0.177532 67.33482839
51.4982847 -0.1775324 67.40383025
51.4982859 -0.1775331 67.46983246
51.4982875 -0.1775336 67.5678349
51.4982885 -0.1775342 67.48483675
51.498289 -0.1775347 67.36883791
51.4982905 -0.177535 67.63484001
51.4982909 -0.1775357 67.45384128
51.4982924 -0.1775361 67.79384349
51.4982939 -0.1775368 67.98884604
51.4982954 -0.1775373 68.24084837
51.4982973 -0.1775376 68.55985093
51.4982981 -0.1775389 68.44285336
51.4982991 -0.1775395 68.44585521
51.4983011 -0.1775399 68.85885801
51.4983023 -0.1775406 68.80086021
51.4983036 -0.1775413 68.84186253
51.4983041 -0.177542 68.73586392
51.4983049 -0.1775427 68.67686565
51.4983062 -0.1775438 68.68086843
51.4983076 -0.1775449 68.62487133
51.4983091 -0.1775461 68.62987445
51.498311 -0.1775469 68.88287759
51.4983126 -0.1775474 69.00988003
51.4983151 -0.1775477 69.5678833
51.4983166 -0.1775481 69.69188551
51.4983191 -0.1775474 70.48788764
51.4983208 -0.1775477 70.67188997
51.4983219 -0.177548 70.6328916
51.4983233 -0.177548 70.84389323
51.4983252 -0.1775481 71.16589557
51.4983257 -0.1775486 70.95089673
51.4983268 -0.1775492 70.9478987
51.498328 -0.1775498 70.86990079
51.4983288 -0.1775502 70.79990218
51.4983297 -0.1775504 70.82990346
51.4983311 -0.1775508 70.85390556
51.4983325 -0.1775514 70.78290788
51.4983342 -0.1775522 71.03691079
51.4983369 -0.1775533 71.7629152
51.4983393 -0.1775542 72.37191904
51.4983407 -0.1775548 72.57392136
51.4983422 -0.1775555 72.78892392
51.4983438 -0.1775558 73.00592613
51.4983447 -0.1775557 72.89492707
51.4983457 -0.1775555 72.93592801
51.4983469 -0.1775553 72.90492918
51.4983482 -0.1775549 72.86493025
51.4983495 -0.1775545 72.98493131
51.4983507 -0.1775539 73.04693203
51.4983516 -0.1775536 72.94393274
51.4983525 -0.1775528 73.12493287
51.4983543 -0.1775512 73.71993315
51.4983556 -0.1775503 73.83793364
51.4983565 -0.1775496 73.87993389
51.4983576 -0.1775492 73.84393472
51.498359 -0.177549 73.86893613
51.498361 -0.1775485 74.2469379
51.498362 -0.177548 74.23193849
51.4983629 -0.1775476 74.04893909
51.4983652 -0.1775474 74.56794155
51.4983682 -0.1775471 75.42794472
51.4983705 -0.1775469 76.10194718
51.4983712 -0.1775466 76.01494765
51.4983719 -0.1775462 75.81594801
51.4983723 -0.1775458 75.61894802
51.4983733 -0.1775455 75.62594885
51.4983739 -0.1775452 75.44194921
51.4983754 -0.1775456 75.66495142
51.4983763 -0.1775455 75.61395236
51.4983764 -0.177545 75.1339519
51.4983754 -0.1775446 74.02895028
51.4983751 -0.1775439 73.57794913
51.4983746 -0.1775435 73.02594808
51.4983747 -0.177543 72.31394763
51.4983742 -0.1775421 71.62794602
51.4983759 -0.1775419 71.84094777
51.4983766 -0.1775412 71.64594779
51.4983772 -0.1775413 71.25694861
51.498378 -0.1775418 70.81695012
51.4983798 -0.1775417 70.99195211
51.4983802 -0.1775408 70.57495155
51.4983808 -0.1775398 70.2749511
51.498383 -0.17754 70.51595391
51.4983843 -0.1775395 70.49595485
51.4983851 -0.1775382 70.3889543
51.4983855 -0.1775367 70.22295306
51.4983858 -0.177535 69.97495146
51.498386 -0.1775331 69.79394952
51.4983861 -0.1775313 69.50894758
51.4983867 -0.1775293 69.447946
51.498387 -0.1775274 69.29494417
51.4983876 -0.1775254 69.15494259
51.4983885 -0.1775235 69.13194147
51.4983881 -0.1775207 68.7879378
51.4983874 -0.1775178 68.27193366
51.4983856 -0.1775144 67.45992767
51.4983841 -0.1775115 66.7049226
51.4983826 -0.177508 65.95991684
51.4983829 -0.1775061 65.79491502
51.4983826 -0.1775038 65.53191204
51.4983825 -0.1775014 65.50790918
51.4983832 -0.1774999 65.62590828
51.4983835 -0.1774979 65.56990634
51.4983841 -0.1774963 65.64390522
51.4983842 -0.1774942 65.63590293
51.4983844 -0.1774919 65.57690054
51.4983843 -0.1774895 65.47189767
51.4983841 -0.1774871 65.3548947
51.4983839 -0.1774847 65.24589172
51.4983837 -0.177482 65.2358884
51.4983839 -0.1774803 65.37688669
51.4983838 -0.1774786 65.43188462
51.4983833 -0.1774767 65.39188187
51.4983833 -0.1774753 65.39888027
51.4983829 -0.1774735 65.39687774
51.4983823 -0.1774718 65.31987509
51.498382 -0.1774701 65.2898728
51.4983817 -0.1774686 65.28387073
51.4983808 -0.1774672 65.26786808
51.4983799 -0.1774652 65.36886474
51.4983792 -0.1774635 65.32586198
51.4983786 -0.1774619 65.38485945
51.4983777 -0.1774602 65.36485645
51.4983765 -0.1774586 65.43685322
51.4983759 -0.177457 65.43285068
51.498375 -0.1774555 65.35184792
51.498374 -0.1774543 65.54284538
51.4983729 -0.1774529 65.81684249
51.4983722 -0.1774524 65.8378411
51.4983712 -0.1774517 65.99483913
51.49837 -0.1774502 66.12683601
51.498369 -0.1774485 66.2548329
51.4983684 -0.1774466 66.23583002
51.498368 -0.1774452 66.24982795
51.4983675 -0.177444 66.214826
51.4983666 -0.1774422 66.18482288
51.4983657 -0.1774406 66.20282
51.4983652 -0.1774391 66.1608177
51.4983647 -0.1774376 66.1478154
51.4983639 -0.1774362 66.14381287
51.4983631 -0.1774346 66.0688101
51.4983621 -0.177433 65.9638071
51.4983612 -0.1774319 65.90080479
51.4983605 -0.1774307 65.8018026
51.4983596 -0.1774293 65.65079995
51.4983586 -0.1774281 65.54979741
51.4983575 -0.1774266 65.4297944
51.4983565 -0.1774248 65.35179118
51.4983555 -0.1774234 65.32378841
51.4983546 -0.1774223 65.2497861
51.4983535 -0.1774209 65.19478321
51.4983525 -0.1774197 65.15078067
51.4983514 -0.1774185 65.11377801
51.4983502 -0.1774173 64.93077523
51.498349 -0.177416 64.71877234
51.4983477 -0.1774147 64.62876934
51.4983468 -0.177414 64.47276748
51.4983458 -0.1774133 64.31576551
51.4983447 -0.1774122 64.16476297
51.4983436 -0.177411 63.98076031
51.4983424 -0.1774093 64.03375696
51.4983412 -0.177408 64.07475407
51.4983402 -0.1774075 63.96475233
51.4983393 -0.1774072 63.81575094
51.4983385 -0.1774068 63.63874954
51.4983377 -0.1774068 63.45374861
51.4983371 -0.1774075 63.06674871
51.4983365 -0.1774086 62.64374926
51.4983358 -0.1774089 62.39274879
51.4983348 -0.1774086 62.23974728
51.4983338 -0.1774081 62.13274553
51.498333 -0.1774081 61.8137446
51.4983318 -0.177408 61.65174308
51.4983306 -0.1774083 61.49174202
51.4983296 -0.1774087 61.27774131
51.4983287 -0.1774095 60.92974117
51.498328 -0.1774101 60.82274104
51.4983273 -0.1774112 60.58474148
51.4983259 -0.1774115 60.41874018
51.4983246 -0.1774116 60.30273878
51.4983233 -0.1774113 60.28873692
51.4983217 -0.1774114 60.27773516
51.4983199 -0.1774121 60.18773385
51.4983183 -0.177413 60.03473301
51.498317 -0.1774136 60.01673218
51.4983155 -0.1774137 59.98173054
51.4983138 -0.177414 59.90872889
51.4983125 -0.1774146 59.81072806
51.4983113 -0.177415 59.71972711
51.4983098 -0.1774162 59.75272673
51.4983088 -0.1774166 59.56672602
51.4983077 -0.1774173 59.52672553
51.4983068 -0.1774177 59.42972494
51.4983056 -0.1774184 59.28472434
51.4983041 -0.1774197 59.20272407
51.4983029 -0.1774205 59.11772358
51.4983015 -0.1774213 59.05972286
51.4983001 -0.177422 58.95872202
51.4982988 -0.1774232 58.91972187
51.4982976 -0.177424 58.81672138
51.4982964 -0.1774254 58.74372158
51.498295 -0.1774268 58.69772154
51.4982935 -0.1774281 58.64872128
51.4982924 -0.1774291 58.62372113
51.4982912 -0.1774303 58.6267211
51.4982902 -0.177431 58.57972073
51.4982892 -0.1774318 58.52572048
51.4982882 -0.1774332 58.51972091
51.498287 -0.1774347 58.50172122
51.4982857 -0.1774362 58.41072142
51.4982845 -0.1774377 58.32672173
51.4982836 -0.1774393 58.36472251
51.4982828 -0.1774405 58.36972294
51.4982818 -0.1774422 58.27772372
51.4982808 -0.1774444 58.32072506
51.4982796 -0.177446 58.16572549
51.4982783 -0.1774484 58.16172671
51.4982773 -0.1774505 58.12272795
51.4982761 -0.1774535 58.37472997
51.4982751 -0.1774556 58.3837312
51.4982741 -0.1774578 58.32773255
51.4982733 -0.1774603 58.39173447
51.4982726 -0.177462 58.4187356
51.4982719 -0.1774635 58.4107365
51.4982713 -0.1774652 58.38373774
51.4982705 -0.177467 58.31873886
51.4982698 -0.1774692 58.28574056
51.4982693 -0.1774711 58.29474215
51.498269 -0.1774729 58.34274385
51.4982687 -0.177475 58.2917459
51.4982684 -0.1774768 58.27874761
51.4982679 -0.1774788 58.21874931
51.4982677 -0.1774809 58.28375148
51.4982675 -0.1774833 58.41075399
51.498268 -0.177488 59.15075995
51.4982679 -0.177491 59.55476326
51.4982673 -0.1774933 59.57476519
51.4982673 -0.1774961 59.89276839
51.4982679 -0.1774977 60.14377092
51.4982683 -0.1774993 60.40377322
51.4982686 -0.1775012 60.59277575
51.4982687 -0.1775026 60.65077746
51.4982692 -0.1775048 61.04178056
51.4982708 -0.1775075 61.85878552
51.498272 -0.1775102 62.51679001
51.4982723 -0.1775121 62.80779254
51.498273 -0.1775127 62.94779404
51.498274 -0.1775143 63.30079704
51.4982743 -0.177516 63.43479934
51.4982752 -0.1775181 63.73280279
51.4982758 -0.1775188 63.71580429
51.4982764 -0.1775193 63.68380556
51.4982765 -0.1775203 63.66180683
51.498277 -0.1775214 63.71480867
51.4982775 -0.1775222 63.71981017
51.4982792 -0.1775245 64.27081479
51.4982804 -0.1775267 64.6538187
51.4982818 -0.1775288 65.34482274
51.4982824 -0.1775298 65.40582459
51.4982842 -0.1775316 66.00982875
51.4982845 -0.1775324 65.98283002
51.4982848 -0.1775326 65.9778306
51.4982851 -0.1775336 65.91783209
51.498285 -0.1775343 65.81683278
51.498285 -0.1775342 65.77183266
51.498285 -0.1775337 65.72183209
51.4982849 -0.1775332 65.6638314
51.4982849 -0.1775327 65.61083083
51.4982846 -0.1775323 65.53783002
51.4982848 -0.1775321 65.58883003
51.498285 -0.1775322 65.64183037
51.4982852 -0.1775324 65.60783084
51.4982852 -0.1775325 65.54683095
51.4982853 -0.1775332 65.48883187
51.4982854 -0.177534 65.4298329
51.4982862 -0.1775346 65.61783452
51.4982865 -0.1775355 65.4208359
51.498287 -0.1775363 65.4788374
51.4982876 -0.1775375 65.40483948
51.4982884 -0.1775387 65.20084178
51.4982889 -0.1775396 65.1638434
51.4982895 -0.1775402 65.27184478
51.4982906 -0.1775413 65.26484733
51.4982915 -0.1775426 65.07284987
51.4982924 -0.1775439 64.98385241
51.4982941 -0.1775446 65.1548552
51.4982956 -0.1775457 65.13785821
51.4982966 -0.1775467 65.15686052
51.4982977 -0.1775474 65.21986261
51.4982984 -0.1775485 65.14086469
51.4982994 -0.1775494 65.03686688
51.4983015 -0.1775498 65.3728698
51.4983035 -0.1775494 65.77787168
51.498306 -0.1775489 66.43387403
51.4983079 -0.1775493 66.65387671
51.4983097 -0.17755 66.64687962
51.4983118 -0.1775501 66.88388219
51.4983134 -0.17755 66.96288394
51.4983153 -0.1775499 67.18188605
51.4983172 -0.1775498 67.37188816
51.4983187 -0.1775496 67.38188968
51.4983206 -0.1775496 67.48389191
51.4983226 -0.1775497 67.53389436
51.4983238 -0.1775499 67.37589599
51.4983268 -0.1775503 67.96489996
51.4983286 -0.1775505 68.01190229
51.49833 -0.1775503 67.9659037
51.4983318 -0.1775501 67.99790558
51.4983333 -0.17755 67.99990722
51.4983351 -0.1775496 68.02290886
51.4983367 -0.1775491 67.99691016
51.4983385 -0.1775482 68.31991124
51.4983397 -0.1775476 68.24891196
51.4983411 -0.1775463 68.42491211
51.4983425 -0.1775455 68.52691283
51.4983455 -0.1775451 69.15191588
51.4983473 -0.177544 69.26491673
51.4983488 -0.177543 69.30791734
51.4983505 -0.1775421 69.3679183
51.4983521 -0.1775412 69.44791914
51.4983535 -0.1775399 69.57691929
51.4983548 -0.1775386 69.54091932
51.4983566 -0.1775376 69.67692029
51.4983576 -0.1775367 69.45792043
51.4983593 -0.1775356 69.45792116
51.4983595 -0.1775339 68.91391945
51.4983599 -0.1775326 68.49191843
51.4983592 -0.1775314 67.64191624
51.4983597 -0.1775304 67.12691568
51.4983607 -0.1775296 67.02591593
51.4983615 -0.1775288 66.65691595
51.4983628 -0.1775271 66.57691553
51.4983635 -0.1775253 66.34291429
51.4983642 -0.1775231 66.22291259
51.4983648 -0.177521 66.17191089
51.4983655 -0.177519 66.16390942
51.4983651 -0.1775165 65.4899061
51.4983652 -0.1775143 65.1309037
51.4983653 -0.1775123 64.86490153
51.4983663 -0.1775108 64.87690098
51.4983675 -0.1775094 64.97990078
51.4983681 -0.1775083 64.77090023
51.4983693 -0.1775067 65.0608998
51.4983701 -0.1775055 65.07689936
51.4983708 -0.1775044 65.10589893
51.4983715 -0.1775022 65.37189723
51.4983722 -0.1775005 65.4558961
51.4983728 -0.1774991 65.4168952
51.4983736 -0.1774973 65.62089408
51.4983745 -0.177496 65.79889365
51.4983757 -0.1774944 66.17689322
51.4983765 -0.1774925 66.20289198
51.498377 -0.1774907 66.16189051
51.4983788 -0.1774888 66.83689044
51.4983797 -0.1774872 66.97588966
51.49838 -0.1774851 66.99288761
51.4983806 -0.1774833 67.12988626
51.4983804 -0.1774812 67.01988362
51.4983803 -0.1774791 66.9128811
51.4983804 -0.1774771 66.79587893
51.4983803 -0.1774748 66.85087619
51.49838 -0.1774723 66.89087298
51.4983803 -0.1774706 67.00987138
51.4983801 -0.1774688 67.05386909
51.4983792 -0.1774671 67.00586609
51.4983784 -0.1774654 66.92586321
51.4983778 -0.1774637 66.76586057
51.4983767 -0.1774619 66.90185722
51.4983765 -0.1774607 67.39185562
51.4983762 -0.1774594 67.51285378
51.4983757 -0.1774579 67.65885148
51.4983747 -0.1774564 67.6358486
51.4983732 -0.1774549 67.84584513
51.4983719 -0.177453 67.86184143
51.4983706 -0.1774512 67.86983785
51.4983695 -0.1774494 67.89083451
51.498368 -0.1774472 68.01883024
51.4983668 -0.1774451 67.97382643
51.4983656 -0.1774433 68.08682297
51.4983643 -0.1774419 68.35281985
51.498363 -0.1774409 68.69981719
51.4983615 -0.1774397 68.81181406
51.4983599 -0.1774387 69.01681105
51.4983588 -0.1774374 69.31280827
51.4983575 -0.1774361 69.55480527
51.4983562 -0.1774348 69.74380226
51.4983554 -0.1774335 69.67779984
51.4983545 -0.1774324 69.53779753
51.4983531 -0.1774311 69.5397944
51.4983517 -0.1774298 69.45279128
51.4983506 -0.1774281 69.40278805
51.4983494 -0.1774264 69.3547847
51.4983485 -0.1774249 69.28978194
51.4983477 -0.1774232 69.18277906
51.4983467 -0.1774216 69.10277606
51.4983459 -0.1774201 68.95277341
51.4983451 -0.1774187 68.80377087
51.4983441 -0.1774173 68.6517681
51.4983431 -0.1774157 68.5717651
51.4983421 -0.1774144 68.55676244
51.4983413 -0.177413 68.45175991
51.49834 -0.1774118 68.32675702
51.4983387 -0.1774109 68.10975447
51.4983375 -0.17741 67.89275203
51.4983363 -0.177409 67.61174949
51.4983348 -0.1774076 67.43574613
51.4983332 -0.1774062 67.28074266
51.4983318 -0.1774046 67.13673919
51.4983305 -0.1774042 66.85573722
51.4983291 -0.1774042 66.43973558
51.4983279 -0.1774046 65.99873463
51.4983266 -0.1774049 65.62673346
51.4983256 -0.1774053 65.18173274
51.4983245 -0.1774052 65.04973134
51.4983233 -0.1774057 64.74573051
51.4983219 -0.1774062 64.61172945
51.4983205 -0.1774063 64.45272792
51.4983193 -0.1774064 64.25272663
51.4983181 -0.1774072 63.99372615
51.4983168 -0.1774079 63.71972543
51.4983153 -0.1774085 63.54172436
51.4983139 -0.1774093 63.46772364
51.4983125 -0.1774097 63.33972246
51.4983107 -0.1774105 63.31372127
51.4983085 -0.1774128 63.30472132
51.4983078 -0.1774136 63.14272142
51.4983066 -0.1774147 63.10472127
51.4983054 -0.1774157 62.98472101
51.4983048 -0.1774158 62.85672043
51.4983039 -0.177416 62.8217196
51.4983036 -0.1774158 62.72871902
51.4983035 -0.1774158 62.64471891
51.4983035 -0.177416 62.57971914
51.4983036 -0.177416 62.44871925
51.4983039 -0.1774156 62.26971915
51.4983043 -0.1774152 62.07871916
51.4983041 -0.1774154 62.00271915
51.4983037 -0.1774159 61.97971926
51.4983035 -0.1774165 61.91871971
51.4983031 -0.1774173 61.93572015
51.4983029 -0.177418 61.95372072
51.4983025 -0.177419 61.9787214
51.4983022 -0.1774199 61.97072207
51.498302 -0.1774207 61.95672276
51.4983016 -0.1774219 61.99772366
51.4983012 -0.1774232 62.01772468
51.4983012 -0.1774237 61.88172525
51.498301 -0.1774241 61.79572547
51.498301 -0.1774243 61.7267257
51.4983009 -0.1774244 61.6577257
51.4983006 -0.1774246 61.60272558
51.4983004 -0.1774245 61.50872523
51.4983003 -0.1774245 61.44372511
51.4983 -0.1774246 61.40372488
51.4982998 -0.1774244 61.38272441
51.4982996 -0.1774239 61.33872361
51.4982994 -0.1774232 61.33772257
51.4982992 -0.1774226 61.34872165
51.4982993 -0.1774221 61.3737212
51.4983 -0.1774215 61.28572133
51.4983008 -0.1774212 61.14172192
51.4983022 -0.1774201 60.9157223
51.4983043 -0.1774191 60.74272362
51.4983065 -0.1774185 60.5607255
51.4983084 -0.1774185 60.37372772
51.4983107 -0.1774191 60.1347311
51.4983131 -0.1774206 60.07773562
51.4983151 -0.1774222 59.98773979
51.4983172 -0.1774241 59.82974442
51.4983198 -0.1774266 59.67375032
51.4983226 -0.177429 59.59575634
51.4983258 -0.1774313 59.55876271
51.4983293 -0.1774334 59.4287692
51.4983327 -0.1774353 59.28477535
51.4983358 -0.1774371 59.18678103
51.4983396 -0.177439 59.27978765
51.4983432 -0.1774402 59.32379323
51.4983466 -0.177441 59.35479812
51.4983498 -0.1774416 59.26880255
51.4983522 -0.177444 59.6078081
51.4983558 -0.1774438 59.59881208
51.4983593 -0.1774436 59.54081595
51.4983623 -0.1774435 59.43781934
51.4983658 -0.1774447 59.84182481
51.4983694 -0.1774442 59.80082845
51.4983726 -0.1774435 59.76883139
51.4983757 -0.1774434 59.9878349
51.4983787 -0.1774434 60.18683841
51.498382 -0.1774422 60.07484089
51.4983847 -0.1774413 59.88184302
51.4983866 -0.1774406 59.71884444
51.4983896 -0.1774394 59.66884658
51.4983927 -0.1774386 59.53384929
51.4983963 -0.1774379 59.5458527
51.4983987 -0.1774369 59.26485436
51.4984013 -0.1774356 59.03685592
51.4984041 -0.1774347 58.89285816
51.4984061 -0.1774384 59.99986473
51.4984086 -0.1774428 61.48387269
51.4984106 -0.177445 62.29887754
51.4984128 -0.177445 62.46688011
51.4984151 -0.1774444 62.35488212
51.498418 -0.1774439 62.19788494
51.4984206 -0.1774436 62.02288763
51.4984221 -0.1774514 64.09089831
51.4984237 -0.1774589 66.15190876
51.4984253 -0.1774599 65.97791177
51.4984276 -0.1774606 65.73091526
51.4984289 -0.1774614 65.4269177
51.4984291 -0.1774648 66.21992182
51.4984296 -0.1774666 66.69592446
51.4984299 -0.1774674 66.78192573
51.4984302 -0.1774682 66.92192699
51.4984305 -0.1774692 67.16792849
51.4984307 -0.1774699 67.30792952
51.498431 -0.1774703 67.30693033
51.4984313 -0.1774708 67.30793125
51.4984314 -0.1774715 67.19993217
51.4984316 -0.1774721 67.07193309
51.4984313 -0.177473 67.14293377
51.4984312 -0.1774738 67.08693457
51.4984314 -0.1774746 67.22893571
51.4984315 -0.1774747 67.27293595
51.4984316 -0.1774747 67.19393606
51.4984316 -0.1774745 67.06593583
51.4984316 -0.1774743 66.99693561
51.4984317 -0.1774739 66.94993527
51.4984315 -0.1774735 66.91493457
51.4984312 -0.1774738 66.81593457
51.4984309 -0.1774742 66.79793467
51.4984306 -0.1774738 66.76893386
51.4984303 -0.1774733 66.70593294
51.4984299 -0.1774732 66.59193236
51.4984296 -0.1774736 66.61593247
51.4984291 -0.177474 66.63593234
51.4984284 -0.1774743 66.67393186
51.4984278 -0.1774746 66.6669315
51.4984273 -0.1774749 66.67393126
51.4984269 -0.1774753 66.72793125
51.4984264 -0.1774756 66.74993101
51.4984261 -0.1774759 66.758931
51.4984257 -0.1774762 66.81493088
51.4984251 -0.1774765 66.83193052
51.4984244 -0.1774768 66.80893004
51.4984239 -0.1774772 66.80892992
51.4984234 -0.1774775 66.79092968
